nan nan nan nan nan nan nan nan nan nan nan nan nan nan nan nan nan nan nan nan nan nan nan nan nan nan nan nan nan nan nan nan nan nan nan nan nan nan nan nan nan nan nan nan nan nan nan nan nan nan nan nan nan nan nan nan nan nan nan nan nan nan nan nan nan nan nan nan nan nan
nan nan nan nan nan nan nan nan nan nan nan nan nan nan nan nan nan nan nan nan nan nan nan nan nan nan nan nan nan nan nan nan nan nan nan nan nan nan nan nan nan nan nan nan nan nan nan nan nan nan nan nan nan nan nan nan nan nan nan nan nan nan nan nan nan nan nan 6.418105214834213257e-02 1.058271005749702454e-01 5.949860811233520508e-02
nan nan nan nan nan nan nan nan nan nan nan nan nan nan nan nan nan nan nan nan nan nan nan nan nan nan nan nan nan nan nan nan nan nan nan nan nan nan nan nan nan nan nan nan nan nan nan nan nan nan nan nan nan nan nan nan nan nan nan nan nan nan nan nan 8.314060419797897339e-02 1.446796208620071411e-01 1.844824701547622681e-01 1.890971511602401733e-01 1.523620337247848511e-01 7.361429929733276367e-02
nan nan nan nan nan nan nan nan nan nan nan nan nan nan nan nan nan nan nan nan nan nan nan nan nan nan nan nan nan nan nan nan nan nan nan nan nan nan nan nan nan nan nan nan nan nan nan nan nan nan nan nan nan nan nan nan nan nan nan nan nan 9.193003177642822266e-02 1.632181406021118164e-01 2.147609591484069824e-01 2.300388365983963013e-01 1.915233433246612549e-01 1.898794919252395630e-01 1.856826394796371460e-01 1.733386814594268799e-01 8.469426631927490234e-02
nan nan nan nan nan nan nan nan nan nan nan nan nan nan nan nan nan nan nan nan nan nan nan nan nan nan nan nan nan nan nan nan nan nan nan nan nan nan nan nan nan nan nan nan nan nan nan nan nan nan nan nan nan nan nan nan nan nan nan 1.120369434356689453e-01 2.037007659673690796e-01 2.456315010786056519e-01 2.124241590499877930e-01 2.166151255369186401e-01 2.174374461174011230e-01 2.053310722112655640e-01 1.992824673652648926e-01 1.939845830202102661e-01 1.880603283643722534e-01 9.290039539337158203e-02
nan nan nan nan nan nan nan nan nan nan nan nan nan nan nan nan nan nan nan nan nan nan nan nan nan nan nan nan nan nan nan nan nan nan nan nan nan nan nan nan nan nan nan nan nan nan nan nan nan nan nan nan nan nan nan nan 1.143742427229881287e-01 2.032469660043716431e-01 2.697766423225402832e-01 2.951374053955078125e-01 2.482406795024871826e-01 2.417544126510620117e-01 2.289137691259384155e-01 2.243798226118087769e-01 2.204826474189758301e-01 2.138231098651885986e-01 2.083805054426193237e-01 2.038392871618270874e-01 2.002173364162445068e-01 9.942471981048583984e-02
nan nan nan nan nan nan nan nan nan nan nan nan nan nan nan nan nan nan nan nan nan nan nan nan nan nan nan nan nan nan nan nan nan nan nan nan nan nan nan nan nan nan nan nan nan nan nan nan nan nan nan nan nan 1.195845976471900940e-01 2.127130329608917236e-01 2.823587059974670410e-01 3.084501326084136963e-01 2.620770335197448730e-01 2.671678066253662109e-01 2.705057561397552490e-01 2.559818923473358154e-01 2.465544492006301880e-01 2.377916723489761353e-01 2.317986190319061279e-01 2.267745435237884521e-01 2.215845733880996704e-01 2.170425355434417725e-01 2.133697569370269775e-01 2.108132094144821167e-01 1.049437522888183594e-01
nan nan nan nan nan nan nan nan nan nan nan nan nan nan nan nan nan nan nan nan nan nan nan nan nan nan nan nan nan nan nan nan nan nan nan nan nan nan nan nan nan nan nan nan nan nan nan nan nan nan 1.217335835099220276e-01 2.183590829372406006e-01 2.924576997756958008e-01 3.217771351337432861e-01 2.745180726051330566e-01 2.808788120746612549e-01 2.857926189899444580e-01 2.737352252006530762e-01 2.700324654579162598e-01 2.667606472969055176e-01 2.589326202869415283e-01 2.513091862201690674e-01 2.443132102489471436e-01 2.385354191064834595e-01 2.335720062255859375e-01 2.290789783000946045e-01 2.252406179904937744e-01 2.222380787134170532e-01 2.202734947204589844e-01 1.097922325134277344e-01
nan nan nan nan nan nan nan nan nan nan nan nan nan nan nan nan nan nan nan nan nan nan nan nan nan nan nan nan nan nan nan nan nan nan nan nan nan nan nan nan nan nan nan nan nan nan nan nan 1.435198038816452026e-01 2.628738582134246826e-01 3.211365640163421631e-01 2.811536192893981934e-01 2.913142740726470947e-01 2.985903620719909668e-01 2.873087525367736816e-01 2.847127616405487061e-01 2.829647362232208252e-01 2.772499322891235352e-01 2.725957334041595459e-01 2.679183185100555420e-01 2.619496285915374756e-01 2.557708323001861572e-01 2.499235719442367554e-01 2.447364181280136108e-01 2.401927858591079712e-01 2.362337112426757812e-01 2.329383194446563721e-01 2.304272651672363281e-01 2.288356572389602661e-01 1.141440272331237793e-01
nan nan nan nan nan nan nan nan nan nan nan nan nan nan nan nan nan nan nan nan nan nan nan nan nan nan nan nan nan nan nan nan nan nan nan nan nan nan nan nan nan nan nan nan nan 1.421264261007308960e-01 2.535665035247802734e-01 3.388504385948181152e-01 3.744192719459533691e-01 3.177128434181213379e-01 3.130640089511871338e-01 2.997044324874877930e-01 2.975297272205352783e-01 2.966611683368682861e-01 2.916395962238311768e-01 2.878575026988983154e-01 2.843389213085174561e-01 2.798211276531219482e-01 2.752510011196136475e-01 2.705214917659759521e-01 2.653746902942657471e-01 2.601330280303955078e-01 2.551134228706359863e-01 2.505343556404113770e-01 2.464790642261505127e-01 2.429875731468200684e-01 2.401276975870132446e-01 2.379859983921051025e-01 2.366519272327423096e-01 1.180989146232604980e-01
nan nan nan nan nan nan nan nan nan nan nan nan nan nan nan nan nan nan nan nan nan nan nan nan nan nan nan nan nan nan nan nan nan nan nan nan nan nan nan nan nan nan 1.461517810821533203e-01 2.605360746383666992e-01 3.471328318119049072e-01 3.813127577304840088e-01 3.256172239780426025e-01 3.340714871883392334e-01 3.410592973232269287e-01 3.252198398113250732e-01 3.160446882247924805e-01 3.075675070285797119e-01 3.027014434337615967e-01 2.990842461585998535e-01 2.948353886604309082e-01 2.907932102680206299e-01 2.868079245090484619e-01 2.825450301170349121e-01 2.781626880168914795e-01 2.736706733703613281e-01 2.690528035163879395e-01 2.644540965557098389e-01 2.600562870502471924e-01 2.560102939605712891e-01 2.524121999740600586e-01 2.493291050195693970e-01 2.468267381191253662e-01 2.449726462364196777e-01 2.438290864229202271e-01 1.217210888862609863e-01
nan nan nan nan nan nan nan nan nan nan nan nan nan nan nan nan nan nan nan nan nan nan nan nan nan nan nan nan nan nan nan nan nan nan nan nan nan nan nan 1.474940776824951172e-01 2.648501992225646973e-01 3.553947806358337402e-01 3.921599090099334717e-01 3.354728817939758301e-01 3.444624543190002441e-01 3.521269261837005615e-01 3.387725055217742920e-01 3.359674215316772461e-01 3.339924514293670654e-01 3.262478113174438477e-01 3.187860846519470215e-01 3.120282292366027832e-01 3.067165911197662354e-01 3.022386431694030762e-01 2.979176938533782959e-01 2.937481105327606201e-01 2.896424531936645508e-01 2.854845225811004639e-01 2.812862992286682129e-01 2.770636081695556641e-01 2.728468477725982666e-01 2.687241435050964355e-01 2.648090422153472900e-01 2.612083852291107178e-01 2.580071091651916504e-01 2.552733421325683594e-01 2.530671060085296631e-01 2.514429092407226562e-01 2.504470348358154297e-01 1.250556111335754395e-01
nan nan nan nan nan nan nan nan nan nan nan nan nan nan nan nan nan nan nan nan nan nan nan nan nan nan nan nan nan nan nan nan nan nan nan nan nan 1.733715683221817017e-01 3.177328407764434814e-01 3.885923624038696289e-01 3.406130373477935791e-01 3.535188436508178711e-01 3.632110059261322021e-01 3.503128588199615479e-01 3.481655120849609375e-01 3.472707271575927734e-01 3.415395021438598633e-01 3.372302651405334473e-01 3.330117464065551758e-01 3.271748125553131104e-01 3.210329711437225342e-01 3.151928782463073730e-01 3.100027441978454590e-01 3.053328990936279297e-01 3.009395003318786621e-01 2.967253923416137695e-01 2.926173806190490723e-01 2.885574102401733398e-01 2.845341861248016357e-01 2.805594801902770996e-01 2.766663134098052979e-01 2.729156017303466797e-01 2.693843841552734375e-01 2.661509215831756592e-01 2.632843255996704102e-01 2.608445882797241211e-01 2.588838636875152588e-01 2.574465274810791016e-01 2.565684914588928223e-01 1.281365156173706055e-01
nan nan nan nan nan nan nan nan nan nan nan nan nan nan nan nan nan nan nan nan nan nan nan nan nan nan nan nan nan nan nan nan nan nan 1.715447604656219482e-01 3.060179054737091064e-01 4.089417159557342529e-01 4.519959688186645508e-01 3.837063014507293701e-01 3.784102201461791992e-01 3.626068830490112305e-01 3.604492843151092529e-01 3.600260615348815918e-01 3.546192348003387451e-01 3.508273363113403320e-01 3.474748730659484863e-01 3.429575264453887939e-01 3.384357988834381104e-01 3.337562084197998047e-01 3.285338282585144043e-01 3.231154680252075195e-01 3.178287446498870850e-01 3.128710091114044189e-01 3.082457184791564941e-01 3.038715124130249023e-01 2.996836900711059570e-01 2.956324219703674316e-01 2.916836738586425781e-01 2.878274321556091309e-01 2.840737402439117432e-01 2.804497480392456055e-01 2.770003378391265869e-01 2.737808525562286377e-01 2.708494067192077637e-01 2.682618796825408936e-01 2.660678029060363770e-01 2.643105089664459229e-01 2.630266249179840088e-01 2.622441649436950684e-01 1.309906244277954102e-01
nan nan nan nan nan nan nan nan nan nan nan nan nan nan nan nan nan nan nan nan nan nan nan nan nan nan nan nan nan nan nan 1.768353581428527832e-01 3.150455057621002197e-01 4.194291234016418457e-01 4.603605568408966064e-01 3.929321467876434326e-01 4.030197858810424805e-01 4.114458858966827393e-01 3.924040496349334717e-01 3.815034031867980957e-01 3.715091645717620850e-01 3.659652769565582275e-01 3.620281219482421875e-01 3.573944270610809326e-01 3.530851006507873535e-01 3.489146530628204346e-01 3.444471657276153564e-01 3.398570120334625244e-01 3.351269662380218506e-01 3.301895558834075928e-01 3.251722157001495361e-01 3.202386796474456787e-01 3.155032992362976074e-01 3.109979927539825439e-01 3.067035377025604248e-01 3.025900721549987793e-01 2.986292243003845215e-01 2.948030531406402588e-01 2.911069095134735107e-01 2.875497043132781982e-01 2.841544151306152344e-01 2.809546291828155518e-01 2.779918015003204346e-01 2.753106355667114258e-01 2.729550004005432129e-01 2.709653377532958984e-01 2.693769633769989014e-01 2.682195305824279785e-01 2.675155401229858398e-01 1.336396336555480957e-01
nan nan nan nan nan nan nan nan nan nan nan nan nan nan nan nan nan nan nan nan nan nan nan nan nan nan nan nan 1.793314665555953979e-01 3.217074573040008545e-01 4.310967922210693359e-01 4.749280214309692383e-01 4.058019518852233887e-01 4.162176847457885742e-01 4.250574111938476562e-01 4.086502194404602051e-01 4.050562381744384766e-01 4.025523066520690918e-01 3.931727707386016846e-01 3.842167258262634277e-01 3.761802911758422852e-01 3.699602484703063965e-01 3.648171722888946533e-01 3.599212169647216797e-01 3.552600145339965820e-01 3.507158756256103516e-01 3.461275696754455566e-01 3.414869904518127441e-01 3.367829322814941406e-01 3.320126831531524658e-01 3.272374868392944336e-01 3.225415945053100586e-01 3.179930150508880615e-01 3.136242926120758057e-01 3.094378709793090820e-01 3.054242432117462158e-01 3.015721440315246582e-01 2.978730797767639160e-01 2.943285107612609863e-01 2.909477949142456055e-01 2.877493202686309814e-01 2.847597599029541016e-01 2.820112407207489014e-01 2.795385122299194336e-01 2.773761749267578125e-01 2.755565941333770752e-01 2.741084992885589600e-01 2.730558812618255615e-01 2.724167704582214355e-01 1.361012458801269531e-01
nan nan nan nan nan nan nan nan nan nan nan nan nan nan nan nan nan nan nan nan nan nan nan nan nan nan 2.117916196584701538e-01 3.876265287399291992e-01 4.731098115444183350e-01 4.140119850635528564e-01 4.289650619029998779e-01 4.399601221084594727e-01 4.237490594387054443e-01 4.206134080886840820e-01 4.190506339073181152e-01 4.117480516433715820e-01 4.062421619892120361e-01 4.009246528148651123e-01 3.937346339225769043e-01 3.862496614456176758e-01 3.791932761669158936e-01 3.729799091815948486e-01 3.674480915069580078e-01 3.622933626174926758e-01 3.573883473873138428e-01 3.526307344436645508e-01 3.479309082031250000e-01 3.432527780532836914e-01 3.385815322399139404e-01 3.339216709136962891e-01 3.293057382106781006e-01 3.247796595096588135e-01 3.203851878643035889e-01 3.161472380161285400e-01 3.120764791965484619e-01 3.081735968589782715e-01 3.044361770153045654e-01 3.008642494678497314e-01 2.974619567394256592e-01 2.942394018173217773e-01 2.912121415138244629e-01 2.884019017219543457e-01 2.858341336250305176e-01 2.835361957550048828e-01 2.815354168415069580e-01 2.798578441143035889e-01 2.785267829895019531e-01 2.775613069534301758e-01 2.769759893417358398e-01 1.383899450302124023e-01
nan nan nan nan nan nan nan nan nan nan nan nan nan nan nan nan nan nan nan nan nan nan nan 2.114389389753341675e-01 3.765703439712524414e-01 5.020164847373962402e-01 5.532408356666564941e-01 4.686058163642883301e-01 4.610264003276824951e-01 4.409014582633972168e-01 4.374458789825439453e-01 4.361335635185241699e-01 4.288921058177947998e-01 4.236823022365570068e-01 4.190744459629058838e-01 4.131435155868530273e-01 4.072832167148590088e-01 4.013058245182037354e-01 3.947452604770660400e-01 3.880121111869812012e-01 3.814948499202728271e-01 3.754242658615112305e-01 3.697942793369293213e-01 3.644979298114776611e-01 3.594454824924468994e-01 3.545611798763275146e-01 3.497857749462127686e-01 3.450846970081329346e-01 3.404435217380523682e-01 3.358632326126098633e-01 3.313609957695007324e-01 3.269633948802947998e-01 3.226957321166992188e-01 3.185775578022003174e-01 3.146197199821472168e-01 3.108279109001159668e-01 3.072051703929901123e-01 3.037553429603576660e-01 3.004849255084991455e-01 2.974041104316711426e-01 2.945268750190734863e-01 2.918708622455596924e-01 2.894568145275115967e-01 2.873063683509826660e-01 2.854413986206054688e-01 2.838828861713409424e-01 2.826496362686157227e-01 2.817569375038146973e-01 2.812164127826690674e-01 1.405177116394042969e-01
nan nan nan nan nan nan nan nan nan nan nan nan nan nan nan nan nan nan nan nan 2.203032672405242920e-01 3.917298913002014160e-01 5.200292468070983887e-01 5.687637925148010254e-01 4.841299355030059814e-01 4.951373636722564697e-01 5.039666891098022461e-01 4.794565141201019287e-01 4.650029838085174561e-01 4.518232047557830811e-01 4.441557526588439941e-01 4.385145306587219238e-01 4.321202635765075684e-01 4.261992573738098145e-01 4.205204248428344727e-01 4.145581424236297607e-01 4.085184335708618164e-01 4.023781418800354004e-01 3.960511386394500732e-01 3.896840810775756836e-01 3.834673762321472168e-01 3.775296211242675781e-01 3.718996345996856689e-01 3.665435612201690674e-01 3.614127933979034424e-01 3.564580082893371582e-01 3.516395986080169678e-01 3.469305038452148438e-01 3.423173725605010986e-01 3.377992510795593262e-01 3.333846628665924072e-01 3.290888071060180664e-01 3.249282836914062500e-01 3.209167420864105225e-01 3.170644342899322510e-01 3.133789002895355225e-01 3.098658323287963867e-01 3.065306246280670166e-01 3.033813238143920898e-01 3.004277348518371582e-01 2.976820170879364014e-01 2.951595187187194824e-01 2.928768694400787354e-01 2.908515334129333496e-01 2.891014814376831055e-01 2.876433134078979492e-01 2.864919900894165039e-01 2.856602370738983154e-01 2.851573228836059570e-01 1.424944996833801270e-01
nan nan nan nan nan nan nan nan nan nan nan nan nan nan nan nan nan 2.262065112590789795e-01 4.048966765403747559e-01 5.407839417457580566e-01 5.933206081390380859e-01 5.053328275680541992e-01 5.165457129478454590e-01 5.256180763244628906e-01 5.038194656372070312e-01 4.979034960269927979e-01 4.933564364910125732e-01 4.805683195590972900e-01 4.684254229068756104e-01 4.575358927249908447e-01 4.489604830741882324e-01 4.417800605297088623e-01 4.349862635135650635e-01 4.285553991794586182e-01 4.223403930664062500e-01 4.161434769630432129e-01 4.099490344524383545e-01 4.037394523620605469e-01 3.975074291229248047e-01 3.913182616233825684e-01 3.852666616439819336e-01 3.794249594211578369e-01 3.738218843936920166e-01 3.684499561786651611e-01 3.632840514183044434e-01 3.582953810691833496e-01 3.534579873085021973e-01 3.487522602081298828e-01 3.441677689552307129e-01 3.397017419338226318e-01 3.353584408760070801e-01 3.311470448970794678e-01 3.270778357982635498e-01 3.231612443923950195e-01 3.194056451320648193e-01 3.158189952373504639e-01 3.124078810214996338e-01 3.091787099838256836e-01 3.061393201351165771e-01 3.032991886138916016e-01 3.006694316864013672e-01 2.982627153396606445e-01 2.960929572582244873e-01 2.941745221614837646e-01 2.925218641757965088e-01 2.911485135555267334e-01 2.900664508342742920e-01 2.892859578132629395e-01 2.888145744800567627e-01 1.443284153938293457e-01
nan nan nan nan nan nan nan nan nan nan nan nan nan nan nan 2.698510885238647461e-01 4.925356209278106689e-01 5.985860824584960938e-01 5.219557881355285645e-01 5.387267470359802246e-01 5.502361059188842773e-01 5.281131267547607422e-01 5.223679542541503906e-01 5.185924768447875977e-01 5.079140663146972656e-01 4.995675086975097656e-01 4.915431439876556396e-01 4.813608825206756592e-01 4.709443449974060059e-01 4.611681997776031494e-01 4.525213539600372314e-01 4.447926282882690430e-01 4.376053214073181152e-01 4.307985901832580566e-01 4.242426455020904541e-01 4.178237020969390869e-01 4.114924967288970947e-01 4.052263200283050537e-01 3.990243673324584961e-01 3.929184973239898682e-01 3.869559466838836670e-01 3.811777532100677490e-01 3.756032884120941162e-01 3.702335655689239502e-01 3.650577068328857422e-01 3.600577116012573242e-01 3.552178144454956055e-01 3.505243659019470215e-01 3.459688127040863037e-01 3.415491878986358643e-01 3.372665941715240479e-01 3.331269919872283936e-01 3.291372954845428467e-01 3.253048062324523926e-01 3.216370344161987305e-01 3.181408345699310303e-01 3.148230314254760742e-01 3.116900026798248291e-01 3.087497055530548096e-01 3.060108423233032227e-01 3.034830093383789062e-01 3.011770844459533691e-01 2.991047799587249756e-01 2.972779273986816406e-01 2.957082390785217285e-01 2.944067418575286865e-01 2.933833301067352295e-01 2.926460802555084229e-01 2.922012805938720703e-01 1.460263133049011230e-01
nan nan nan nan nan nan nan nan nan nan nan nan 2.741494178771972656e-01 4.867393672466278076e-01 6.458872556686401367e-01 7.077131271362304688e-01 5.967996716499328613e-01 5.842842459678649902e-01 5.564985275268554688e-01 5.498927235603332520e-01 5.459986329078674316e-01 5.349147915840148926e-01 5.264933705329895020e-01 5.189164280891418457e-01 5.098490715026855469e-01 5.009949803352355957e-01 4.921101927757263184e-01 4.826337695121765137e-01 4.730659425258636475e-01 4.638736546039581299e-01 4.553245604038238525e-01 4.474027156829833984e-01 4.399682581424713135e-01 4.329046308994293213e-01 4.261145591735839844e-01 4.195202589035034180e-01 4.130736887454986572e-01 4.067508876323699951e-01 4.005469083786010742e-01 3.944749832153320312e-01 3.885582685470581055e-01 3.828175663948059082e-01 3.772665560245513916e-01 3.719072043895721436e-01 3.667337000370025635e-01 3.617359995841979980e-01 3.569034337997436523e-01 3.522273004055023193e-01 3.477018773555755615e-01 3.433244526386260986e-01 3.390953540802001953e-01 3.350180387496948242e-01 3.310979008674621582e-01 3.273406028747558594e-01 3.237515389919281006e-01 3.203369975090026855e-01 3.171035647392272949e-01 3.140576779842376709e-01 3.112060725688934326e-01 3.085566163063049316e-01 3.061184287071228027e-01 3.039003908634185791e-01 3.019122183322906494e-01 3.001639842987060547e-01 2.986652255058288574e-01 2.974250614643096924e-01 2.964513301849365234e-01 2.957508265972137451e-01 2.953284978866577148e-01 1.475936770439147949e-01
nan nan nan nan nan nan nan nan nan 2.915341556072235107e-01 5.164755582809448242e-01 6.818945407867431641e-01 7.408027648925781250e-01 6.272993087768554688e-01 6.380735039710998535e-01 6.456988453865051270e-01 6.113655567169189453e-01 5.901047587394714355e-01 5.708568096160888672e-01 5.587869882583618164e-01 5.494070649147033691e-01 5.392713546752929688e-01 5.298763513565063477e-01 5.209125876426696777e-01 5.117372274398803711e-01 5.025972723960876465e-01 4.934535920619964600e-01 4.842003583908081055e-01 4.750145971775054932e-01 4.661186337471008301e-01 4.576612412929534912e-01 4.496683180332183838e-01 4.420889317989349365e-01 4.348556399345397949e-01 4.279034137725830078e-01 4.211766421794891357e-01 4.146358966827392578e-01 4.082593023777008057e-01 4.020377397537231445e-01 3.959732651710510254e-01 3.900770545005798340e-01 3.843587338924407959e-01 3.788246512413024902e-01 3.734765946865081787e-01 3.683113753795623779e-01 3.633223474025726318e-01 3.585031628608703613e-01 3.538482487201690674e-01 3.493520617485046387e-01 3.450134694576263428e-01 3.408322930335998535e-01 3.368106484413146973e-01 3.329519629478454590e-01 3.292607665061950684e-01 3.257422447204589844e-01 3.224010467529296875e-01 3.192433416843414307e-01 3.162751495838165283e-01 3.135024011135101318e-01 3.109324872493743896e-01 3.085726499557495117e-01 3.064309060573577881e-01 3.045157194137573242e-01 3.028351068496704102e-01 3.013971447944641113e-01 3.002092242240905762e-01 2.992778420448303223e-01 2.986085116863250732e-01 2.982052862644195557e-01 1.490352749824523926e-01
nan nan nan nan nan nan 3.068668246269226074e-01 5.467597842216491699e-01 7.253902554512023926e-01 7.894065976142883301e-01 6.681561470031738281e-01 6.785602569580078125e-01 6.857861280441284180e-01 6.536592841148376465e-01 6.423827409744262695e-01 6.329662203788757324e-01 6.134377121925354004e-01 5.950406789779663086e-01 5.785470008850097656e-01 5.652117133140563965e-01 5.538203120231628418e-01 5.430964827537536621e-01 5.329882502555847168e-01 5.232954025268554688e-01 5.137651562690734863e-01 5.043706893920898438e-01 4.950842857360839844e-01 4.858876168727874756e-01 4.768559634685516357e-01 4.680975675582885742e-01 4.596914350986480713e-01 4.516636431217193604e-01 4.439953267574310303e-01 4.366488456726074219e-01 4.295825362205505371e-01 4.227565228939056396e-01 4.161410331726074219e-01 4.097156524658203125e-01 4.034695327281951904e-01 3.974005877971649170e-01 3.915106356143951416e-01 3.858032226562500000e-01 3.802805244922637939e-01 3.749431371688842773e-01 3.697887063026428223e-01 3.648120164871215820e-01 3.600089848041534424e-01 3.553757071495056152e-01 3.509083092212677002e-01 3.466055095195770264e-01 3.424671590328216553e-01 3.384948670864105225e-01 3.346909284591674805e-01 3.310588002204895020e-01 3.276028931140899658e-01 3.243272900581359863e-01 3.212367296218872070e-01 3.183373212814331055e-01 3.156347870826721191e-01 3.131344318389892578e-01 3.108430206775665283e-01 3.087680041790008545e-01 3.069158494472503662e-01 3.052933514118194580e-01 3.039075732231140137e-01 3.027643561363220215e-01 3.018690049648284912e-01 3.012261986732482910e-01 3.008391261100769043e-01 1.503549218177795410e-01
nan nan nan nan 3.743874132633209229e-01 6.789651513099670410e-01 8.172510266304016113e-01 7.072077393531799316e-01 7.241534590721130371e-01 7.335191369056701660e-01 6.992726325988769531e-01 6.870666146278381348e-01 6.776060461997985840e-01 6.596965789794921875e-01 6.451451778411865234e-01 6.312670707702636719e-01 6.149731278419494629e-01 5.986856222152709961e-01 5.834975838661193848e-01 5.699779391288757324e-01 5.578191280364990234e-01 5.465273261070251465e-01 5.358813405036926270e-01 5.257033109664916992e-01 5.158382654190063477e-01 5.062176585197448730e-01 4.968035221099853516e-01 4.875864982604980469e-01 4.785993397235870361e-01 4.698901176452636719e-01 4.614991545677185059e-01 4.534423351287841797e-01 4.457128345966339111e-01 4.382877945899963379e-01 4.311388432979583740e-01 4.242381155490875244e-01 4.175624549388885498e-01 4.110951423645019531e-01 4.048243165016174316e-01 3.987438082695007324e-01 3.928522765636444092e-01 3.871497511863708496e-01 3.816345632076263428e-01 3.763061761856079102e-01 3.711623847484588623e-01 3.661985993385314941e-01 3.614127337932586670e-01 3.568016290664672852e-01 3.523612916469573975e-01 3.480913043022155762e-01 3.439918160438537598e-01 3.400632739067077637e-01 3.363078534603118896e-01 3.327279388904571533e-01 3.293274343013763428e-01 3.261096477508544922e-01 3.230789005756378174e-01 3.202406466007232666e-01 3.175990283489227295e-01 3.151595890522003174e-01 3.129283785820007324e-01 3.109108805656433105e-01 3.091131150722503662e-01 3.075408637523651123e-01 3.061996102333068848e-01 3.050945103168487549e-01 3.042299449443817139e-01 3.036097288131713867e-01 3.032365143299102783e-01 1.515559554100036621e-01
nan 4.013674557209014893e-01 7.042353749275207520e-01 9.200751185417175293e-01 9.915884137153625488e-01 8.267479538917541504e-01 8.002371788024902344e-01 7.554238438606262207e-01 7.402103543281555176e-01 7.290264964103698730e-01 7.090823650360107422e-01 6.931589841842651367e-01 6.787101030349731445e-01 6.627638339996337891e-01 6.474598646163940430e-01 6.324312090873718262e-01 6.169685125350952148e-01 6.016898155212402344e-01 5.871596932411193848e-01 5.736863613128662109e-01 5.612155795097351074e-01 5.495495796203613281e-01 5.385227203369140625e-01 5.279954075813293457e-01 5.178592801094055176e-01 5.080435872077941895e-01 4.985070228576660156e-01 4.892348051071166992e-01 4.802345335483551025e-01 4.715251922607421875e-01 4.631246030330657959e-01 4.550385475158691406e-01 4.472606182098388672e-01 4.397760331630706787e-01 4.325656294822692871e-01 4.256081581115722656e-01 4.188847839832305908e-01 4.123805761337280273e-01 4.060856103897094727e-01 3.999921977519989014e-01 3.940955698490142822e-01 3.883935213088989258e-01 3.828831017017364502e-01 3.775624930858612061e-01 3.724287152290344238e-01 3.674782812595367432e-01 3.627089262008666992e-01 3.581179380416870117e-01 3.537032604217529297e-01 3.494633138179779053e-01 3.453983962535858154e-01 3.415087759494781494e-01 3.377961516380310059e-01 3.342625200748443604e-01 3.309104144573211670e-01 3.277436494827270508e-01 3.247656226158142090e-01 3.219805061817169189e-01 3.193925023078918457e-01 3.170063495635986328e-01 3.148269951343536377e-01 3.128592669963836670e-01 3.111083507537841797e-01 3.095790743827819824e-01 3.082759976387023926e-01 3.072034418582916260e-01 3.063651621341705322e-01 3.057640790939331055e-01 3.054025173187255859e-01 1.526409387588500977e-01
1.000000000000000000e+00 1.108242392539978027e+00 9.140029549598693848e-01 9.111567139625549316e-01 9.065168499946594238e-01 8.479294180870056152e-01 8.094794750213623047e-01 7.757318019866943359e-01 7.528199553489685059e-01 7.342464923858642578e-01 7.153847813606262207e-01 6.980541944503784180e-01 6.817381978034973145e-01 6.655733585357666016e-01 6.498303413391113281e-01 6.344196200370788574e-01 6.191872954368591309e-01 6.043344736099243164e-01 5.901201367378234863e-01 5.767000317573547363e-01 5.640811324119567871e-01 5.521788001060485840e-01 5.408873558044433594e-01 5.301082730293273926e-01 5.197594165802001953e-01 5.097790360450744629e-01 5.001288652420043945e-01 4.907875955104827881e-01 4.817483425140380859e-01 4.730132818222045898e-01 4.645873010158538818e-01 4.564685821533203125e-01 4.486494958400726318e-01 4.411183595657348633e-01 4.338595867156982422e-01 4.268572330474853516e-01 4.200952649116516113e-01 4.135607182979583740e-01 4.072443544864654541e-01 4.011368155479431152e-01 3.952336311340332031e-01 3.895299732685089111e-01 3.840224444866180420e-01 3.787078857421875000e-01 3.735828101634979248e-01 3.686451613903045654e-01 3.638914525508880615e-01 3.593195676803588867e-01 3.549278378486633301e-01 3.507148921489715576e-01 3.466807007789611816e-01 3.428254723548889160e-01 3.391501605510711670e-01 3.356569707393646240e-01 3.323477208614349365e-01 3.292250931262969971e-01 3.262929916381835938e-01 3.235542476177215576e-01 3.210126459598541260e-01 3.186725378036499023e-01 3.165378570556640625e-01 3.146129548549652100e-01 3.129022419452667236e-01 3.114095926284790039e-01 3.101390600204467773e-01 3.090942502021789551e-01 3.082781136035919189e-01 3.076933026313781738e-01 3.073416650295257568e-01 1.536121964454650879e-01
1.000000000000000000e+00 1.010842561721801758e+00 9.458752870559692383e-01 9.144448041915893555e-01 8.880337476730346680e-01 8.504560589790344238e-01 8.163169622421264648e-01 7.862979173660278320e-01 7.616270780563354492e-01 7.403594851493835449e-01 7.206611633300781250e-01 7.023355960845947266e-01 6.850284934043884277e-01 6.683582663536071777e-01 6.522442102432250977e-01 6.366106867790222168e-01 6.214094758033752441e-01 6.067087054252624512e-01 5.926201939582824707e-01 5.792174339294433594e-01 5.665079951286315918e-01 5.544483065605163574e-01 5.429716706275939941e-01 5.320087075233459473e-01 5.214947462081909180e-01 5.113794803619384766e-01 5.016275644302368164e-01 4.922139644622802734e-01 4.831247925758361816e-01 4.743532538414001465e-01 4.658944010734558105e-01 4.577417373657226562e-01 4.498856961727142334e-01 4.423154294490814209e-01 4.350179135799407959e-01 4.279795289039611816e-01 4.211860299110412598e-01 4.146262407302856445e-01 4.082905650138854980e-01 4.021704792976379395e-01 3.962602913379669189e-01 3.905541002750396729e-01 3.850479125976562500e-01 3.797385394573211670e-01 3.746217191219329834e-01 3.696947395801544189e-01 3.649550080299377441e-01 3.604007363319396973e-01 3.560294210910797119e-01 3.518403768539428711e-01 3.478332161903381348e-01 3.440077304840087891e-01 3.403652906417846680e-01 3.369071185588836670e-01 3.336348831653594971e-01 3.305508196353912354e-01 3.276576399803161621e-01 3.249587714672088623e-01 3.224576413631439209e-01 3.201566636562347412e-01 3.180600702762603760e-01 3.161719143390655518e-01 3.144952356815338135e-01 3.130336999893188477e-01 3.117908537387847900e-01 3.107693791389465332e-01 3.099719285964965820e-01 3.094008564949035645e-01 3.090575337409973145e-01 1.544715166091918945e-01
1.000000000000000000e+00 9.831944704055786133e-01 9.455881714820861816e-01 9.132566452026367188e-01 8.830242156982421875e-01 8.510422706604003906e-01 8.204381465911865234e-01 7.924891710281372070e-01 7.677146792411804199e-01 7.455093264579772949e-01 7.250910401344299316e-01 7.060638070106506348e-01 6.881166100502014160e-01 6.709985733032226562e-01 6.545724272727966309e-01 6.387529969215393066e-01 6.234988570213317871e-01 6.088225841522216797e-01 5.947623252868652344e-01 5.813447833061218262e-01 5.685637593269348145e-01 5.563916563987731934e-01 5.447819232940673828e-01 5.336794853210449219e-01 5.230385661125183105e-01 5.128156542778015137e-01 5.029746294021606445e-01 4.934929609298706055e-01 4.843529760837554932e-01 4.755407869815826416e-01 4.670461118221282959e-01 4.588601887226104736e-01 4.509712457656860352e-01 4.433682262897491455e-01 4.360387623310089111e-01 4.289703369140625000e-01 4.221512675285339355e-01 4.155702590942382812e-01 4.092185795307159424e-01 4.030869305133819580e-01 3.971693813800811768e-01 3.914608657360076904e-01 3.859559595584869385e-01 3.806501030921936035e-01 3.755401372909545898e-01 3.706229627132415771e-01 3.658958673477172852e-01 3.613566756248474121e-01 3.570031821727752686e-01 3.528351187705993652e-01 3.488511741161346436e-01 3.450515568256378174e-01 3.414372205734252930e-01 3.380089700222015381e-01 3.347680270671844482e-01 3.317169845104217529e-01 3.288576602935791016e-01 3.261924684047698975e-01 3.237250149250030518e-01 3.214577138423919678e-01 3.193935155868530273e-01 3.175358772277832031e-01 3.158878982067108154e-01 3.144525885581970215e-01 3.132328391075134277e-01 3.122309148311614990e-01 3.114491403102874756e-01 3.108895421028137207e-01 3.105531930923461914e-01 1.552205085754394531e-01
1.000000000000000000e+00 9.722262620925903320e-01 9.412971735000610352e-01 9.107990264892578125e-01 8.810293078422546387e-01 8.514533042907714844e-01 8.229993581771850586e-01 7.963973879814147949e-01 7.719557285308837891e-01 7.494990229606628418e-01 7.286791801452636719e-01 7.092036008834838867e-01 6.908320784568786621e-01 6.733736991882324219e-01 6.566966176033020020e-01 6.407142877578735352e-01 6.253771185874938965e-01 6.106686592102050781e-01 5.965887308120727539e-01 5.831341743469238281e-01 5.702908635139465332e-01 5.580323338508605957e-01 5.463212132453918457e-01 5.351165533065795898e-01 5.243766307830810547e-01 5.140652060508728027e-01 5.041525363922119141e-01 4.946114420890808105e-01 4.854215681552886963e-01 4.765696227550506592e-01 4.680415093898773193e-01 4.598236382007598877e-01 4.519058763980865479e-01 4.442751705646514893e-01 4.369189739227294922e-01 4.298264980316162109e-01 4.229864776134490967e-01 4.163878262042999268e-01 4.100220203399658203e-01 4.038814008235931396e-01 3.979579508304595947e-01 3.922460377216339111e-01 3.867415189743041992e-01 3.814389705657958984e-01 3.763346672058105469e-01 3.714261949062347412e-01 3.667095005512237549e-01 3.621832430362701416e-01 3.578454256057739258e-01 3.536945879459381104e-01 3.497308194637298584e-01 3.459531664848327637e-01 3.423621356487274170e-01 3.389589786529541016e-01 3.357449471950531006e-01 3.327212929725646973e-01 3.298898637294769287e-01 3.272531926631927490e-01 3.248140811920166016e-01 3.225744366645812988e-01 3.205370604991912842e-01 3.187050819396972656e-01 3.170808851718902588e-01 3.156673312187194824e-01 3.144665062427520752e-01 3.134806454181671143e-01 3.127118349075317383e-01 3.121616542339324951e-01 3.118310570716857910e-01 1.558603644371032715e-01
1.000000000000000000e+00 9.665787220001220703e-01 9.376308917999267578e-01 9.085710048675537109e-01 8.798846602439880371e-01 8.517588376998901367e-01 8.246520161628723145e-01 7.989731431007385254e-01 7.749270200729370117e-01 7.524841427803039551e-01 7.314866781234741211e-01 7.117508649826049805e-01 6.931057572364807129e-01 6.754043698310852051e-01 6.585357785224914551e-01 6.424178481101989746e-01 6.269943118095397949e-01 6.122315526008605957e-01 5.981094837188720703e-01 5.846119523048400879e-01 5.717137455940246582e-01 5.593867301940917969e-01 5.475990772247314453e-01 5.363152027130126953e-01 5.255007147789001465e-01 5.151201486587524414e-01 5.051454901695251465e-01 4.955545663833618164e-01 4.863237142562866211e-01 4.774357676506042480e-01 4.688762128353118896e-01 4.606315791606903076e-01 4.526889324188232422e-01 4.450342357158660889e-01 4.376564621925354004e-01 4.305449426174163818e-01 4.236878156661987305e-01 4.170752763748168945e-01 4.106983244419097900e-01 4.045486748218536377e-01 3.986203074455261230e-01 3.929067254066467285e-01 3.874015510082244873e-01 3.821017742156982422e-01 3.770024180412292480e-01 3.721000552177429199e-01 3.673926293849945068e-01 3.628774583339691162e-01 3.585523366928100586e-01 3.544161915779113770e-01 3.504685461521148682e-01 3.467089235782623291e-01 3.431375622749328613e-01 3.397549688816070557e-01 3.365623652935028076e-01 3.335612416267395020e-01 3.307529389858245850e-01 3.281393945217132568e-01 3.257231712341308594e-01 3.235062956809997559e-01 3.214908242225646973e-01 3.196793794631958008e-01 3.180745542049407959e-01 3.166782855987548828e-01 3.154928088188171387e-01 3.145200908184051514e-01 3.137617707252502441e-01 3.132191002368927002e-01 3.128930628299713135e-01 1.563921570777893066e-01
1.000000000000000000e+00 9.631476402282714844e-01 9.350151419639587402e-01 9.068877100944519043e-01 8.791115880012512207e-01 8.519582152366638184e-01 8.257324099540710449e-01 8.006967902183532715e-01 7.769978642463684082e-01 7.546553611755371094e-01 7.336014509201049805e-01 7.137268185615539551e-01 6.949141025543212891e-01 6.770496964454650879e-01 6.600410938262939453e-01 6.438161134719848633e-01 6.283151507377624512e-01 6.134973764419555664e-01 5.993314385414123535e-01 5.857896804809570312e-01 5.728432536125183105e-01 5.604632496833801270e-01 5.486189126968383789e-01 5.372765064239501953e-01 5.264032483100891113e-01 5.159697532653808594e-01 5.059494376182556152e-01 4.963170289993286133e-01 4.870513081550598145e-01 4.781340062618255615e-01 4.695489704608917236e-01 4.612815082073211670e-01 4.533175826072692871e-01 4.456444680690765381e-01 4.382500350475311279e-01 4.311226010322570801e-01 4.242520034313201904e-01 4.176284670829772949e-01 4.112427830696105957e-01 4.050866365432739258e-01 3.991541564464569092e-01 3.934385180473327637e-01 3.879338502883911133e-01 3.826353251934051514e-01 3.775394856929779053e-01 3.726433813571929932e-01 3.679426312446594238e-01 3.634358346462249756e-01 3.591212034225463867e-01 3.549965918064117432e-01 3.510619401931762695e-01 3.473165333271026611e-01 3.437604010105133057e-01 3.403945267200469971e-01 3.372191190719604492e-01 3.342352509498596191e-01 3.314450383186340332e-01 3.288500308990478516e-01 3.264517188072204590e-01 3.242522180080413818e-01 3.222538530826568604e-01 3.204588890075683594e-01 3.188690841197967529e-01 3.174864053726196289e-01 3.163128793239593506e-01 3.153503537178039551e-01 3.146001696586608887e-01 3.140633702278137207e-01 3.137409389019012451e-01 1.568167209625244141e-01
1.000000000000000000e+00 9.609431028366088867e-01 9.332572221755981445e-01 9.057238698005676270e-01 8.785849809646606445e-01 8.520768284797668457e-01 8.264278173446655273e-01 8.018271923065185547e-01 7.783946394920349121e-01 7.561638355255126953e-01 7.351097464561462402e-01 7.151691317558288574e-01 6.962571740150451660e-01 6.782884001731872559e-01 6.611853241920471191e-01 6.448817849159240723e-01 6.293200850486755371e-01 6.144551038742065430e-01 6.002507805824279785e-01 5.866720676422119141e-01 5.736882686614990234e-01 5.612686872482299805e-01 5.493816137313842773e-01 5.379964113235473633e-01 5.270822644233703613e-01 5.166110992431640625e-01 5.065560340881347656e-01 4.968928396701812744e-01 4.876006841659545898e-01 4.786611199378967285e-01 4.700563549995422363e-01 4.617708921432495117e-01 4.537912309169769287e-01 4.461034238338470459e-01 4.386963844299316406e-01 4.315580427646636963e-01 4.246773421764373779e-01 4.180456697940826416e-01 4.116532802581787109e-01 4.054925143718719482e-01 3.995566070079803467e-01 3.938392996788024902e-01 3.883348107337951660e-01 3.830378353595733643e-01 3.779449462890625000e-01 3.730527758598327637e-01 3.683570623397827148e-01 3.638567328453063965e-01 3.595497012138366699e-01 3.554337322711944580e-01 3.515088260173797607e-01 3.477740883827209473e-01 3.442294895648956299e-01 3.408754765987396240e-01 3.377125859260559082e-01 3.347420096397399902e-01 3.319654464721679688e-01 3.293836414813995361e-01 3.269985616207122803e-01 3.248123824596405029e-01 3.228265345096588135e-01 3.210434019565582275e-01 3.194646537303924561e-01 3.180921077728271484e-01 3.169274032115936279e-01 3.159722983837127686e-01 3.152281045913696289e-01 3.146955966949462891e-01 3.143757879734039307e-01 1.571345925331115723e-01
1.000000000000000000e+00 9.595900774002075195e-01 9.321742653846740723e-01 9.049984812736511230e-01 8.782535791397094727e-01 8.521393537521362305e-01 8.268439769744873047e-01 8.025162220001220703e-01 7.792589664459228516e-01 7.571159005165100098e-01 7.360790371894836426e-01 7.161093950271606445e-01 6.971437335014343262e-01 6.791135668754577637e-01 6.619529724121093750e-01 6.455994844436645508e-01 6.299963593482971191e-01 6.150974631309509277e-01 6.008643507957458496e-01 5.872606039047241211e-01 5.742506384849548340e-01 5.618040561676025391e-01 5.498901605606079102e-01 5.384774208068847656e-01 5.275371074676513672e-01 5.170405507087707520e-01 5.069618821144104004e-01 4.972780346870422363e-01 4.879684448242187500e-01 4.790134429931640625e-01 4.703953564167022705e-01 4.620983004570007324e-01 4.541079699993133545e-01 4.464109241962432861e-01 4.389947354793548584e-01 4.318488836288452148e-01 4.249618649482727051e-01 4.183246195316314697e-01 4.119280278682708740e-01 4.057639539241790771e-01 3.998266458511352539e-01 3.941079676151275635e-01 3.886026740074157715e-01 3.833068907260894775e-01 3.782163560390472412e-01 3.733262121677398682e-01 3.686341643333435059e-01 3.641384541988372803e-01 3.598362505435943604e-01 3.557263016700744629e-01 3.518075048923492432e-01 3.480798006057739258e-01 3.445429205894470215e-01 3.411967158317565918e-01 3.380425572395324707e-01 3.350806832313537598e-01 3.323125839233398438e-01 3.297396600246429443e-01 3.273633718490600586e-01 3.251859843730926514e-01 3.232085108757019043e-01 3.214330673217773438e-01 3.198617100715637207e-01 3.184956312179565430e-01 3.173367977142333984e-01 3.163866698741912842e-01 3.156462311744689941e-01 3.151166439056396484e-01 3.147985935211181641e-01 1.573462486267089844e-01
1.000000000000000000e+00 9.589428901672363281e-01 9.316577911376953125e-01 9.046499729156494141e-01 8.780928850173950195e-01 8.521676063537597656e-01 8.270383477210998535e-01 8.028417825698852539e-01 7.796726822853088379e-01 7.575763463973999023e-01 7.365528941154479980e-01 7.165720462799072266e-01 6.975844502449035645e-01 6.795270442962646484e-01 6.623378992080688477e-01 6.459597349166870117e-01 6.303361654281616211e-01 6.154195666313171387e-01 6.011717319488525391e-01 5.875544548034667969e-01 5.745315551757812500e-01 5.620723962783813477e-01 5.501446127891540527e-01 5.387176871299743652e-01 5.277639031410217285e-01 5.172547101974487305e-01 5.071651935577392578e-01 4.974725544452667236e-01 4.881538450717926025e-01 4.791899919509887695e-01 4.705652594566345215e-01 4.622619748115539551e-01 4.542663395404815674e-01 4.465649127960205078e-01 4.391444325447082520e-01 4.319943785667419434e-01 4.251042306423187256e-01 4.184644520282745361e-01 4.120660424232482910e-01 4.059002995491027832e-01 3.999611139297485352e-01 3.942422568798065186e-01 3.887374997138977051e-01 3.834421336650848389e-01 3.783517777919769287e-01 3.734632134437561035e-01 3.687734603881835938e-01 3.642796874046325684e-01 3.599795699119567871e-01 3.558725714683532715e-01 3.519572615623474121e-01 3.482329547405242920e-01 3.446998596191406250e-01 3.413577675819396973e-01 3.382076025009155273e-01 3.352501094341278076e-01 3.324862122535705566e-01 3.299178481101989746e-01 3.275461792945861816e-01 3.253727853298187256e-01 3.233994841575622559e-01 3.216279745101928711e-01 3.200600147247314453e-01 3.186973631381988525e-01 3.175414502620697021e-01 3.165936470031738281e-01 3.158552348613739014e-01 3.153270781040191650e-01 3.150098025798797607e-01 1.574519872665405273e-01
1.000000000000000000e+00 9.589428901672363281e-01 9.316577911376953125e-01 9.046499729156494141e-01 8.780928850173950195e-01 8.521676063537597656e-01 8.270383477210998535e-01 8.028417825698852539e-01 7.796726822853088379e-01 7.575763463973999023e-01 7.365528941154479980e-01 7.165720462799072266e-01 6.975844502449035645e-01 6.795270442962646484e-01 6.623378992080688477e-01 6.459597349166870117e-01 6.303361654281616211e-01 6.154195666313171387e-01 6.011717319488525391e-01 5.875544548034667969e-01 5.745315551757812500e-01 5.620723962783813477e-01 5.501446127891540527e-01 5.387176871299743652e-01 5.277639031410217285e-01 5.172547101974487305e-01 5.071651935577392578e-01 4.974725544452667236e-01 4.881538450717926025e-01 4.791899919509887695e-01 4.705652594566345215e-01 4.622619748115539551e-01 4.542663395404815674e-01 4.465649127960205078e-01 4.391444325447082520e-01 4.319943785667419434e-01 4.251042306423187256e-01 4.184644520282745361e-01 4.120660424232482910e-01 4.059002995491027832e-01 3.999611139297485352e-01 3.942422568798065186e-01 3.887374997138977051e-01 3.834421336650848389e-01 3.783517777919769287e-01 3.734632134437561035e-01 3.687734603881835938e-01 3.642796874046325684e-01 3.599795699119567871e-01 3.558725714683532715e-01 3.519572615623474121e-01 3.482329547405242920e-01 3.446998596191406250e-01 3.413577675819396973e-01 3.382076025009155273e-01 3.352501094341278076e-01 3.324862122535705566e-01 3.299178481101989746e-01 3.275461792945861816e-01 3.253727853298187256e-01 3.233994841575622559e-01 3.216279745101928711e-01 3.200600147247314453e-01 3.186973631381988525e-01 3.175414502620697021e-01 3.165936470031738281e-01 3.158552348613739014e-01 3.153270781040191650e-01 3.150098025798797607e-01 1.574519872665405273e-01
1.000000000000000000e+00 9.595900774002075195e-01 9.321742653846740723e-01 9.049984812736511230e-01 8.782535791397094727e-01 8.521393537521362305e-01 8.268439769744873047e-01 8.025162220001220703e-01 7.792589664459228516e-01 7.571159005165100098e-01 7.360790371894836426e-01 7.161093950271606445e-01 6.971437335014343262e-01 6.791135668754577637e-01 6.619529724121093750e-01 6.455994844436645508e-01 6.299963593482971191e-01 6.150974631309509277e-01 6.008643507957458496e-01 5.872606039047241211e-01 5.742506384849548340e-01 5.618040561676025391e-01 5.498901605606079102e-01 5.384774208068847656e-01 5.275371074676513672e-01 5.170405507087707520e-01 5.069618821144104004e-01 4.972780346870422363e-01 4.879684448242187500e-01 4.790134429931640625e-01 4.703953564167022705e-01 4.620983004570007324e-01 4.541079699993133545e-01 4.464109241962432861e-01 4.389947354793548584e-01 4.318488836288452148e-01 4.249618649482727051e-01 4.183246195316314697e-01 4.119280278682708740e-01 4.057639539241790771e-01 3.998266458511352539e-01 3.941079676151275635e-01 3.886026740074157715e-01 3.833068907260894775e-01 3.782163560390472412e-01 3.733262121677398682e-01 3.686341643333435059e-01 3.641384541988372803e-01 3.598362505435943604e-01 3.557263016700744629e-01 3.518075048923492432e-01 3.480798006057739258e-01 3.445429205894470215e-01 3.411967158317565918e-01 3.380425572395324707e-01 3.350806832313537598e-01 3.323125839233398438e-01 3.297396600246429443e-01 3.273633718490600586e-01 3.251859843730926514e-01 3.232085108757019043e-01 3.214330673217773438e-01 3.198617100715637207e-01 3.184956312179565430e-01 3.173367977142333984e-01 3.163866698741912842e-01 3.156462311744689941e-01 3.151166439056396484e-01 3.147985935211181641e-01 1.573462486267089844e-01
1.000000000000000000e+00 9.609431028366088867e-01 9.332572221755981445e-01 9.057238698005676270e-01 8.785849809646606445e-01 8.520768284797668457e-01 8.264278173446655273e-01 8.018271923065185547e-01 7.783946394920349121e-01 7.561638355255126953e-01 7.351097464561462402e-01 7.151691317558288574e-01 6.962571740150451660e-01 6.782884001731872559e-01 6.611853241920471191e-01 6.448817849159240723e-01 6.293200850486755371e-01 6.144551038742065430e-01 6.002507805824279785e-01 5.866720676422119141e-01 5.736882686614990234e-01 5.612686872482299805e-01 5.493816137313842773e-01 5.379964113235473633e-01 5.270822644233703613e-01 5.166110992431640625e-01 5.065560340881347656e-01 4.968928396701812744e-01 4.876006841659545898e-01 4.786611199378967285e-01 4.700563549995422363e-01 4.617708921432495117e-01 4.537912309169769287e-01 4.461034238338470459e-01 4.386963844299316406e-01 4.315580427646636963e-01 4.246773421764373779e-01 4.180456697940826416e-01 4.116532802581787109e-01 4.054925143718719482e-01 3.995566070079803467e-01 3.938392996788024902e-01 3.883348107337951660e-01 3.830378353595733643e-01 3.779449462890625000e-01 3.730527758598327637e-01 3.683570623397827148e-01 3.638567328453063965e-01 3.595497012138366699e-01 3.554337322711944580e-01 3.515088260173797607e-01 3.477740883827209473e-01 3.442294895648956299e-01 3.408754765987396240e-01 3.377125859260559082e-01 3.347420096397399902e-01 3.319654464721679688e-01 3.293836414813995361e-01 3.269985616207122803e-01 3.248123824596405029e-01 3.228265345096588135e-01 3.210434019565582275e-01 3.194646537303924561e-01 3.180921077728271484e-01 3.169274032115936279e-01 3.159722983837127686e-01 3.152281045913696289e-01 3.146955966949462891e-01 3.143757879734039307e-01 1.571345925331115723e-01
1.000000000000000000e+00 9.631476402282714844e-01 9.350151419639587402e-01 9.068877100944519043e-01 8.791115880012512207e-01 8.519582152366638184e-01 8.257324099540710449e-01 8.006967902183532715e-01 7.769978642463684082e-01 7.546553611755371094e-01 7.336014509201049805e-01 7.137268185615539551e-01 6.949141025543212891e-01 6.770496964454650879e-01 6.600410938262939453e-01 6.438161134719848633e-01 6.283151507377624512e-01 6.134973764419555664e-01 5.993314385414123535e-01 5.857896804809570312e-01 5.728432536125183105e-01 5.604632496833801270e-01 5.486189126968383789e-01 5.372765064239501953e-01 5.264032483100891113e-01 5.159697532653808594e-01 5.059494376182556152e-01 4.963170289993286133e-01 4.870513081550598145e-01 4.781340062618255615e-01 4.695489704608917236e-01 4.612815082073211670e-01 4.533175826072692871e-01 4.456444680690765381e-01 4.382500350475311279e-01 4.311226010322570801e-01 4.242520034313201904e-01 4.176284670829772949e-01 4.112427830696105957e-01 4.050866365432739258e-01 3.991541564464569092e-01 3.934385180473327637e-01 3.879338502883911133e-01 3.826353251934051514e-01 3.775394856929779053e-01 3.726433813571929932e-01 3.679426312446594238e-01 3.634358346462249756e-01 3.591212034225463867e-01 3.549965918064117432e-01 3.510619401931762695e-01 3.473165333271026611e-01 3.437604010105133057e-01 3.403945267200469971e-01 3.372191190719604492e-01 3.342352509498596191e-01 3.314450383186340332e-01 3.288500308990478516e-01 3.264517188072204590e-01 3.242522180080413818e-01 3.222538530826568604e-01 3.204588890075683594e-01 3.188690841197967529e-01 3.174864053726196289e-01 3.163128793239593506e-01 3.153503537178039551e-01 3.146001696586608887e-01 3.140633702278137207e-01 3.137409389019012451e-01 1.568167209625244141e-01
1.000000000000000000e+00 9.665787220001220703e-01 9.376308917999267578e-01 9.085710048675537109e-01 8.798846602439880371e-01 8.517588376998901367e-01 8.246520161628723145e-01 7.989731431007385254e-01 7.749270200729370117e-01 7.524841427803039551e-01 7.314866781234741211e-01 7.117508649826049805e-01 6.931057572364807129e-01 6.754043698310852051e-01 6.585357785224914551e-01 6.424178481101989746e-01 6.269943118095397949e-01 6.122315526008605957e-01 5.981094837188720703e-01 5.846119523048400879e-01 5.717137455940246582e-01 5.593867301940917969e-01 5.475990772247314453e-01 5.363152027130126953e-01 5.255007147789001465e-01 5.151201486587524414e-01 5.051454901695251465e-01 4.955545663833618164e-01 4.863237142562866211e-01 4.774357676506042480e-01 4.688762128353118896e-01 4.606315791606903076e-01 4.526889324188232422e-01 4.450342357158660889e-01 4.376564621925354004e-01 4.305449426174163818e-01 4.236878156661987305e-01 4.170752763748168945e-01 4.106983244419097900e-01 4.045486748218536377e-01 3.986203074455261230e-01 3.929067254066467285e-01 3.874015510082244873e-01 3.821017742156982422e-01 3.770024180412292480e-01 3.721000552177429199e-01 3.673926293849945068e-01 3.628774583339691162e-01 3.585523366928100586e-01 3.544161915779113770e-01 3.504685461521148682e-01 3.467089235782623291e-01 3.431375622749328613e-01 3.397549688816070557e-01 3.365623652935028076e-01 3.335612416267395020e-01 3.307529389858245850e-01 3.281393945217132568e-01 3.257231712341308594e-01 3.235062956809997559e-01 3.214908242225646973e-01 3.196793794631958008e-01 3.180745542049407959e-01 3.166782855987548828e-01 3.154928088188171387e-01 3.145200908184051514e-01 3.137617707252502441e-01 3.132191002368927002e-01 3.128930628299713135e-01 1.563921570777893066e-01
1.000000000000000000e+00 9.722262620925903320e-01 9.412971735000610352e-01 9.107990264892578125e-01 8.810293078422546387e-01 8.514533042907714844e-01 8.229993581771850586e-01 7.963973879814147949e-01 7.719557285308837891e-01 7.494990229606628418e-01 7.286791801452636719e-01 7.092036008834838867e-01 6.908320784568786621e-01 6.733736991882324219e-01 6.566966176033020020e-01 6.407142877578735352e-01 6.253771185874938965e-01 6.106686592102050781e-01 5.965887308120727539e-01 5.831341743469238281e-01 5.702908635139465332e-01 5.580323338508605957e-01 5.463212132453918457e-01 5.351165533065795898e-01 5.243766307830810547e-01 5.140652060508728027e-01 5.041525363922119141e-01 4.946114420890808105e-01 4.854215681552886963e-01 4.765696227550506592e-01 4.680415093898773193e-01 4.598236382007598877e-01 4.519058763980865479e-01 4.442751705646514893e-01 4.369189739227294922e-01 4.298264980316162109e-01 4.229864776134490967e-01 4.163878262042999268e-01 4.100220203399658203e-01 4.038814008235931396e-01 3.979579508304595947e-01 3.922460377216339111e-01 3.867415189743041992e-01 3.814389705657958984e-01 3.763346672058105469e-01 3.714261949062347412e-01 3.667095005512237549e-01 3.621832430362701416e-01 3.578454256057739258e-01 3.536945879459381104e-01 3.497308194637298584e-01 3.459531664848327637e-01 3.423621356487274170e-01 3.389589786529541016e-01 3.357449471950531006e-01 3.327212929725646973e-01 3.298898637294769287e-01 3.272531926631927490e-01 3.248140811920166016e-01 3.225744366645812988e-01 3.205370604991912842e-01 3.187050819396972656e-01 3.170808851718902588e-01 3.156673312187194824e-01 3.144665062427520752e-01 3.134806454181671143e-01 3.127118349075317383e-01 3.121616542339324951e-01 3.118310570716857910e-01 1.558603644371032715e-01
1.000000000000000000e+00 9.831944704055786133e-01 9.455881714820861816e-01 9.132566452026367188e-01 8.830242156982421875e-01 8.510422706604003906e-01 8.204381465911865234e-01 7.924891710281372070e-01 7.677146792411804199e-01 7.455093264579772949e-01 7.250910401344299316e-01 7.060638070106506348e-01 6.881166100502014160e-01 6.709985733032226562e-01 6.545724272727966309e-01 6.387529969215393066e-01 6.234988570213317871e-01 6.088225841522216797e-01 5.947623252868652344e-01 5.813447833061218262e-01 5.685637593269348145e-01 5.563916563987731934e-01 5.447819232940673828e-01 5.336794853210449219e-01 5.230385661125183105e-01 5.128156542778015137e-01 5.029746294021606445e-01 4.934929609298706055e-01 4.843529760837554932e-01 4.755407869815826416e-01 4.670461118221282959e-01 4.588601887226104736e-01 4.509712457656860352e-01 4.433682262897491455e-01 4.360387623310089111e-01 4.289703369140625000e-01 4.221512675285339355e-01 4.155702590942382812e-01 4.092185795307159424e-01 4.030869305133819580e-01 3.971693813800811768e-01 3.914608657360076904e-01 3.859559595584869385e-01 3.806501030921936035e-01 3.755401372909545898e-01 3.706229627132415771e-01 3.658958673477172852e-01 3.613566756248474121e-01 3.570031821727752686e-01 3.528351187705993652e-01 3.488511741161346436e-01 3.450515568256378174e-01 3.414372205734252930e-01 3.380089700222015381e-01 3.347680270671844482e-01 3.317169845104217529e-01 3.288576602935791016e-01 3.261924684047698975e-01 3.237250149250030518e-01 3.214577138423919678e-01 3.193935155868530273e-01 3.175358772277832031e-01 3.158878982067108154e-01 3.144525885581970215e-01 3.132328391075134277e-01 3.122309148311614990e-01 3.114491403102874756e-01 3.108895421028137207e-01 3.105531930923461914e-01 1.552205085754394531e-01
1.000000000000000000e+00 1.010842561721801758e+00 9.458752870559692383e-01 9.144448041915893555e-01 8.880337476730346680e-01 8.504560589790344238e-01 8.163169622421264648e-01 7.862979173660278320e-01 7.616270780563354492e-01 7.403594851493835449e-01 7.206611633300781250e-01 7.023355960845947266e-01 6.850284934043884277e-01 6.683582663536071777e-01 6.522442102432250977e-01 6.366106867790222168e-01 6.214094758033752441e-01 6.067087054252624512e-01 5.926201939582824707e-01 5.792174339294433594e-01 5.665079951286315918e-01 5.544483065605163574e-01 5.429716706275939941e-01 5.320087075233459473e-01 5.214947462081909180e-01 5.113794803619384766e-01 5.016275644302368164e-01 4.922139644622802734e-01 4.831247925758361816e-01 4.743532538414001465e-01 4.658944010734558105e-01 4.577417373657226562e-01 4.498856961727142334e-01 4.423154294490814209e-01 4.350179135799407959e-01 4.279795289039611816e-01 4.211860299110412598e-01 4.146262407302856445e-01 4.082905650138854980e-01 4.021704792976379395e-01 3.962602913379669189e-01 3.905541002750396729e-01 3.850479125976562500e-01 3.797385394573211670e-01 3.746217191219329834e-01 3.696947395801544189e-01 3.649550080299377441e-01 3.604007363319396973e-01 3.560294210910797119e-01 3.518403768539428711e-01 3.478332161903381348e-01 3.440077304840087891e-01 3.403652906417846680e-01 3.369071185588836670e-01 3.336348831653594971e-01 3.305508196353912354e-01 3.276576399803161621e-01 3.249587714672088623e-01 3.224576413631439209e-01 3.201566636562347412e-01 3.180600702762603760e-01 3.161719143390655518e-01 3.144952356815338135e-01 3.130336999893188477e-01 3.117908537387847900e-01 3.107693791389465332e-01 3.099719285964965820e-01 3.094008564949035645e-01 3.090575337409973145e-01 1.544715166091918945e-01
1.000000000000000000e+00 1.108242392539978027e+00 9.140029549598693848e-01 9.111567139625549316e-01 9.065168499946594238e-01 8.479294180870056152e-01 8.094794750213623047e-01 7.757318019866943359e-01 7.528199553489685059e-01 7.342464923858642578e-01 7.153847813606262207e-01 6.980541944503784180e-01 6.817381978034973145e-01 6.655733585357666016e-01 6.498303413391113281e-01 6.344196200370788574e-01 6.191872954368591309e-01 6.043344736099243164e-01 5.901201367378234863e-01 5.767000317573547363e-01 5.640811324119567871e-01 5.521788001060485840e-01 5.408873558044433594e-01 5.301082730293273926e-01 5.197594165802001953e-01 5.097790360450744629e-01 5.001288652420043945e-01 4.907875955104827881e-01 4.817483425140380859e-01 4.730132818222045898e-01 4.645873010158538818e-01 4.564685821533203125e-01 4.486494958400726318e-01 4.411183595657348633e-01 4.338595867156982422e-01 4.268572330474853516e-01 4.200952649116516113e-01 4.135607182979583740e-01 4.072443544864654541e-01 4.011368155479431152e-01 3.952336311340332031e-01 3.895299732685089111e-01 3.840224444866180420e-01 3.787078857421875000e-01 3.735828101634979248e-01 3.686451613903045654e-01 3.638914525508880615e-01 3.593195676803588867e-01 3.549278378486633301e-01 3.507148921489715576e-01 3.466807007789611816e-01 3.428254723548889160e-01 3.391501605510711670e-01 3.356569707393646240e-01 3.323477208614349365e-01 3.292250931262969971e-01 3.262929916381835938e-01 3.235542476177215576e-01 3.210126459598541260e-01 3.186725378036499023e-01 3.165378570556640625e-01 3.146129548549652100e-01 3.129022419452667236e-01 3.114095926284790039e-01 3.101390600204467773e-01 3.090942502021789551e-01 3.082781136035919189e-01 3.076933026313781738e-01 3.073416650295257568e-01 1.536121964454650879e-01
nan 4.013674557209014893e-01 7.042353749275207520e-01 9.200751185417175293e-01 9.915884137153625488e-01 8.267479538917541504e-01 8.002371788024902344e-01 7.554238438606262207e-01 7.402103543281555176e-01 7.290264964103698730e-01 7.090823650360107422e-01 6.931589841842651367e-01 6.787101030349731445e-01 6.627638339996337891e-01 6.474598646163940430e-01 6.324312090873718262e-01 6.169685125350952148e-01 6.016898155212402344e-01 5.871596932411193848e-01 5.736863613128662109e-01 5.612155795097351074e-01 5.495495796203613281e-01 5.385227203369140625e-01 5.279954075813293457e-01 5.178592801094055176e-01 5.080435872077941895e-01 4.985070228576660156e-01 4.892348051071166992e-01 4.802345335483551025e-01 4.715251922607421875e-01 4.631246030330657959e-01 4.550385475158691406e-01 4.472606182098388672e-01 4.397760331630706787e-01 4.325656294822692871e-01 4.256081581115722656e-01 4.188847839832305908e-01 4.123805761337280273e-01 4.060856103897094727e-01 3.999921977519989014e-01 3.940955698490142822e-01 3.883935213088989258e-01 3.828831017017364502e-01 3.775624930858612061e-01 3.724287152290344238e-01 3.674782812595367432e-01 3.627089262008666992e-01 3.581179380416870117e-01 3.537032604217529297e-01 3.494633138179779053e-01 3.453983962535858154e-01 3.415087759494781494e-01 3.377961516380310059e-01 3.342625200748443604e-01 3.309104144573211670e-01 3.277436494827270508e-01 3.247656226158142090e-01 3.219805061817169189e-01 3.193925023078918457e-01 3.170063495635986328e-01 3.148269951343536377e-01 3.128592669963836670e-01 3.111083507537841797e-01 3.095790743827819824e-01 3.082759976387023926e-01 3.072034418582916260e-01 3.063651621341705322e-01 3.057640790939331055e-01 3.054025173187255859e-01 1.526409387588500977e-01
nan nan nan nan 3.743874132633209229e-01 6.789651513099670410e-01 8.172510266304016113e-01 7.072077393531799316e-01 7.241534590721130371e-01 7.335191369056701660e-01 6.992726325988769531e-01 6.870666146278381348e-01 6.776060461997985840e-01 6.596965789794921875e-01 6.451451778411865234e-01 6.312670707702636719e-01 6.149731278419494629e-01 5.986856222152709961e-01 5.834975838661193848e-01 5.699779391288757324e-01 5.578191280364990234e-01 5.465273261070251465e-01 5.358813405036926270e-01 5.257033109664916992e-01 5.158382654190063477e-01 5.062176585197448730e-01 4.968035221099853516e-01 4.875864982604980469e-01 4.785993397235870361e-01 4.698901176452636719e-01 4.614991545677185059e-01 4.534423351287841797e-01 4.457128345966339111e-01 4.382877945899963379e-01 4.311388432979583740e-01 4.242381155490875244e-01 4.175624549388885498e-01 4.110951423645019531e-01 4.048243165016174316e-01 3.987438082695007324e-01 3.928522765636444092e-01 3.871497511863708496e-01 3.816345632076263428e-01 3.763061761856079102e-01 3.711623847484588623e-01 3.661985993385314941e-01 3.614127337932586670e-01 3.568016290664672852e-01 3.523612916469573975e-01 3.480913043022155762e-01 3.439918160438537598e-01 3.400632739067077637e-01 3.363078534603118896e-01 3.327279388904571533e-01 3.293274343013763428e-01 3.261096477508544922e-01 3.230789005756378174e-01 3.202406466007232666e-01 3.175990283489227295e-01 3.151595890522003174e-01 3.129283785820007324e-01 3.109108805656433105e-01 3.091131150722503662e-01 3.075408637523651123e-01 3.061996102333068848e-01 3.050945103168487549e-01 3.042299449443817139e-01 3.036097288131713867e-01 3.032365143299102783e-01 1.515559554100036621e-01
nan nan nan nan nan nan 3.068668246269226074e-01 5.467597842216491699e-01 7.253902554512023926e-01 7.894065976142883301e-01 6.681561470031738281e-01 6.785602569580078125e-01 6.857861280441284180e-01 6.536592841148376465e-01 6.423827409744262695e-01 6.329662203788757324e-01 6.134377121925354004e-01 5.950406789779663086e-01 5.785470008850097656e-01 5.652117133140563965e-01 5.538203120231628418e-01 5.430964827537536621e-01 5.329882502555847168e-01 5.232954025268554688e-01 5.137651562690734863e-01 5.043706893920898438e-01 4.950842857360839844e-01 4.858876168727874756e-01 4.768559634685516357e-01 4.680975675582885742e-01 4.596914350986480713e-01 4.516636431217193604e-01 4.439953267574310303e-01 4.366488456726074219e-01 4.295825362205505371e-01 4.227565228939056396e-01 4.161410331726074219e-01 4.097156524658203125e-01 4.034695327281951904e-01 3.974005877971649170e-01 3.915106356143951416e-01 3.858032226562500000e-01 3.802805244922637939e-01 3.749431371688842773e-01 3.697887063026428223e-01 3.648120164871215820e-01 3.600089848041534424e-01 3.553757071495056152e-01 3.509083092212677002e-01 3.466055095195770264e-01 3.424671590328216553e-01 3.384948670864105225e-01 3.346909284591674805e-01 3.310588002204895020e-01 3.276028931140899658e-01 3.243272900581359863e-01 3.212367296218872070e-01 3.183373212814331055e-01 3.156347870826721191e-01 3.131344318389892578e-01 3.108430206775665283e-01 3.087680041790008545e-01 3.069158494472503662e-01 3.052933514118194580e-01 3.039075732231140137e-01 3.027643561363220215e-01 3.018690049648284912e-01 3.012261986732482910e-01 3.008391261100769043e-01 1.503549218177795410e-01
nan nan nan nan nan nan nan nan nan 2.915341556072235107e-01 5.164755582809448242e-01 6.818945407867431641e-01 7.408027648925781250e-01 6.272993087768554688e-01 6.380735039710998535e-01 6.456988453865051270e-01 6.113655567169189453e-01 5.901047587394714355e-01 5.708568096160888672e-01 5.587869882583618164e-01 5.494070649147033691e-01 5.392713546752929688e-01 5.298763513565063477e-01 5.209125876426696777e-01 5.117372274398803711e-01 5.025972723960876465e-01 4.934535920619964600e-01 4.842003583908081055e-01 4.750145971775054932e-01 4.661186337471008301e-01 4.576612412929534912e-01 4.496683180332183838e-01 4.420889317989349365e-01 4.348556399345397949e-01 4.279034137725830078e-01 4.211766421794891357e-01 4.146358966827392578e-01 4.082593023777008057e-01 4.020377397537231445e-01 3.959732651710510254e-01 3.900770545005798340e-01 3.843587338924407959e-01 3.788246512413024902e-01 3.734765946865081787e-01 3.683113753795623779e-01 3.633223474025726318e-01 3.585031628608703613e-01 3.538482487201690674e-01 3.493520617485046387e-01 3.450134694576263428e-01 3.408322930335998535e-01 3.368106484413146973e-01 3.329519629478454590e-01 3.292607665061950684e-01 3.257422447204589844e-01 3.224010467529296875e-01 3.192433416843414307e-01 3.162751495838165283e-01 3.135024011135101318e-01 3.109324872493743896e-01 3.085726499557495117e-01 3.064309060573577881e-01 3.045157194137573242e-01 3.028351068496704102e-01 3.013971447944641113e-01 3.002092242240905762e-01 2.992778420448303223e-01 2.986085116863250732e-01 2.982052862644195557e-01 1.490352749824523926e-01
nan nan nan nan nan nan nan nan nan nan nan nan 2.741494178771972656e-01 4.867393672466278076e-01 6.458872556686401367e-01 7.077131271362304688e-01 5.967996716499328613e-01 5.842842459678649902e-01 5.564985275268554688e-01 5.498927235603332520e-01 5.459986329078674316e-01 5.349147915840148926e-01 5.264933705329895020e-01 5.189164280891418457e-01 5.098490715026855469e-01 5.009949803352355957e-01 4.921101927757263184e-01 4.826337695121765137e-01 4.730659425258636475e-01 4.638736546039581299e-01 4.553245604038238525e-01 4.474027156829833984e-01 4.399682581424713135e-01 4.329046308994293213e-01 4.261145591735839844e-01 4.195202589035034180e-01 4.130736887454986572e-01 4.067508876323699951e-01 4.005469083786010742e-01 3.944749832153320312e-01 3.885582685470581055e-01 3.828175663948059082e-01 3.772665560245513916e-01 3.719072043895721436e-01 3.667337000370025635e-01 3.617359995841979980e-01 3.569034337997436523e-01 3.522273004055023193e-01 3.477018773555755615e-01 3.433244526386260986e-01 3.390953540802001953e-01 3.350180387496948242e-01 3.310979008674621582e-01 3.273406028747558594e-01 3.237515389919281006e-01 3.203369975090026855e-01 3.171035647392272949e-01 3.140576779842376709e-01 3.112060725688934326e-01 3.085566163063049316e-01 3.061184287071228027e-01 3.039003908634185791e-01 3.019122183322906494e-01 3.001639842987060547e-01 2.986652255058288574e-01 2.974250614643096924e-01 2.964513301849365234e-01 2.957508265972137451e-01 2.953284978866577148e-01 1.475936770439147949e-01
nan nan nan nan nan nan nan nan nan nan nan nan nan nan nan 2.698510885238647461e-01 4.925356209278106689e-01 5.985860824584960938e-01 5.219557881355285645e-01 5.387267470359802246e-01 5.502361059188842773e-01 5.281131267547607422e-01 5.223679542541503906e-01 5.185924768447875977e-01 5.079140663146972656e-01 4.995675086975097656e-01 4.915431439876556396e-01 4.813608825206756592e-01 4.709443449974060059e-01 4.611681997776031494e-01 4.525213539600372314e-01 4.447926282882690430e-01 4.376053214073181152e-01 4.307985901832580566e-01 4.242426455020904541e-01 4.178237020969390869e-01 4.114924967288970947e-01 4.052263200283050537e-01 3.990243673324584961e-01 3.929184973239898682e-01 3.869559466838836670e-01 3.811777532100677490e-01 3.756032884120941162e-01 3.702335655689239502e-01 3.650577068328857422e-01 3.600577116012573242e-01 3.552178144454956055e-01 3.505243659019470215e-01 3.459688127040863037e-01 3.415491878986358643e-01 3.372665941715240479e-01 3.331269919872283936e-01 3.291372954845428467e-01 3.253048062324523926e-01 3.216370344161987305e-01 3.181408345699310303e-01 3.148230314254760742e-01 3.116900026798248291e-01 3.087497055530548096e-01 3.060108423233032227e-01 3.034830093383789062e-01 3.011770844459533691e-01 2.991047799587249756e-01 2.972779273986816406e-01 2.957082390785217285e-01 2.944067418575286865e-01 2.933833301067352295e-01 2.926460802555084229e-01 2.922012805938720703e-01 1.460263133049011230e-01
nan nan nan nan nan nan nan nan nan nan nan nan nan nan nan nan nan 2.262065112590789795e-01 4.048966765403747559e-01 5.407839417457580566e-01 5.933206081390380859e-01 5.053328275680541992e-01 5.165457129478454590e-01 5.256180763244628906e-01 5.038194656372070312e-01 4.979034960269927979e-01 4.933564364910125732e-01 4.805683195590972900e-01 4.684254229068756104e-01 4.575358927249908447e-01 4.489604830741882324e-01 4.417800605297088623e-01 4.349862635135650635e-01 4.285553991794586182e-01 4.223403930664062500e-01 4.161434769630432129e-01 4.099490344524383545e-01 4.037394523620605469e-01 3.975074291229248047e-01 3.913182616233825684e-01 3.852666616439819336e-01 3.794249594211578369e-01 3.738218843936920166e-01 3.684499561786651611e-01 3.632840514183044434e-01 3.582953810691833496e-01 3.534579873085021973e-01 3.487522602081298828e-01 3.441677689552307129e-01 3.397017419338226318e-01 3.353584408760070801e-01 3.311470448970794678e-01 3.270778357982635498e-01 3.231612443923950195e-01 3.194056451320648193e-01 3.158189952373504639e-01 3.124078810214996338e-01 3.091787099838256836e-01 3.061393201351165771e-01 3.032991886138916016e-01 3.006694316864013672e-01 2.982627153396606445e-01 2.960929572582244873e-01 2.941745221614837646e-01 2.925218641757965088e-01 2.911485135555267334e-01 2.900664508342742920e-01 2.892859578132629395e-01 2.888145744800567627e-01 1.443284153938293457e-01
nan nan nan nan nan nan nan nan nan nan nan nan nan nan nan nan nan nan nan nan 2.203032672405242920e-01 3.917298913002014160e-01 5.200292468070983887e-01 5.687637925148010254e-01 4.841299355030059814e-01 4.951373636722564697e-01 5.039666891098022461e-01 4.794565141201019287e-01 4.650029838085174561e-01 4.518232047557830811e-01 4.441557526588439941e-01 4.385145306587219238e-01 4.321202635765075684e-01 4.261992573738098145e-01 4.205204248428344727e-01 4.145581424236297607e-01 4.085184335708618164e-01 4.023781418800354004e-01 3.960511386394500732e-01 3.896840810775756836e-01 3.834673762321472168e-01 3.775296211242675781e-01 3.718996345996856689e-01 3.665435612201690674e-01 3.614127933979034424e-01 3.564580082893371582e-01 3.516395986080169678e-01 3.469305038452148438e-01 3.423173725605010986e-01 3.377992510795593262e-01 3.333846628665924072e-01 3.290888071060180664e-01 3.249282836914062500e-01 3.209167420864105225e-01 3.170644342899322510e-01 3.133789002895355225e-01 3.098658323287963867e-01 3.065306246280670166e-01 3.033813238143920898e-01 3.004277348518371582e-01 2.976820170879364014e-01 2.951595187187194824e-01 2.928768694400787354e-01 2.908515334129333496e-01 2.891014814376831055e-01 2.876433134078979492e-01 2.864919900894165039e-01 2.856602370738983154e-01 2.851573228836059570e-01 1.424944996833801270e-01
nan nan nan nan nan nan nan nan nan nan nan nan nan nan nan nan nan nan nan nan nan nan nan 2.114389389753341675e-01 3.765703439712524414e-01 5.020164847373962402e-01 5.532408356666564941e-01 4.686058163642883301e-01 4.610264003276824951e-01 4.409014582633972168e-01 4.374458789825439453e-01 4.361335635185241699e-01 4.288921058177947998e-01 4.236823022365570068e-01 4.190744459629058838e-01 4.131435155868530273e-01 4.072832167148590088e-01 4.013058245182037354e-01 3.947452604770660400e-01 3.880121111869812012e-01 3.814948499202728271e-01 3.754242658615112305e-01 3.697942793369293213e-01 3.644979298114776611e-01 3.594454824924468994e-01 3.545611798763275146e-01 3.497857749462127686e-01 3.450846970081329346e-01 3.404435217380523682e-01 3.358632326126098633e-01 3.313609957695007324e-01 3.269633948802947998e-01 3.226957321166992188e-01 3.185775578022003174e-01 3.146197199821472168e-01 3.108279109001159668e-01 3.072051703929901123e-01 3.037553429603576660e-01 3.004849255084991455e-01 2.974041104316711426e-01 2.945268750190734863e-01 2.918708622455596924e-01 2.894568145275115967e-01 2.873063683509826660e-01 2.854413986206054688e-01 2.838828861713409424e-01 2.826496362686157227e-01 2.817569375038146973e-01 2.812164127826690674e-01 1.405177116394042969e-01
nan nan nan nan nan nan nan nan nan nan nan nan nan nan nan nan nan nan nan nan nan nan nan nan nan nan 2.117916196584701538e-01 3.876265287399291992e-01 4.731098115444183350e-01 4.140119850635528564e-01 4.289650619029998779e-01 4.399601221084594727e-01 4.237490594387054443e-01 4.206134080886840820e-01 4.190506339073181152e-01 4.117480516433715820e-01 4.062421619892120361e-01 4.009246528148651123e-01 3.937346339225769043e-01 3.862496614456176758e-01 3.791932761669158936e-01 3.729799091815948486e-01 3.674480915069580078e-01 3.622933626174926758e-01 3.573883473873138428e-01 3.526307344436645508e-01 3.479309082031250000e-01 3.432527780532836914e-01 3.385815322399139404e-01 3.339216709136962891e-01 3.293057382106781006e-01 3.247796595096588135e-01 3.203851878643035889e-01 3.161472380161285400e-01 3.120764791965484619e-01 3.081735968589782715e-01 3.044361770153045654e-01 3.008642494678497314e-01 2.974619567394256592e-01 2.942394018173217773e-01 2.912121415138244629e-01 2.884019017219543457e-01 2.858341336250305176e-01 2.835361957550048828e-01 2.815354168415069580e-01 2.798578441143035889e-01 2.785267829895019531e-01 2.775613069534301758e-01 2.769759893417358398e-01 1.383899450302124023e-01
nan nan nan nan nan nan nan nan nan nan nan nan nan nan nan nan nan nan nan nan nan nan nan nan nan nan nan nan 1.793314665555953979e-01 3.217074573040008545e-01 4.310967922210693359e-01 4.749280214309692383e-01 4.058019518852233887e-01 4.162176847457885742e-01 4.250574111938476562e-01 4.086502194404602051e-01 4.050562381744384766e-01 4.025523066520690918e-01 3.931727707386016846e-01 3.842167258262634277e-01 3.761802911758422852e-01 3.699602484703063965e-01 3.648171722888946533e-01 3.599212169647216797e-01 3.552600145339965820e-01 3.507158756256103516e-01 3.461275696754455566e-01 3.414869904518127441e-01 3.367829322814941406e-01 3.320126831531524658e-01 3.272374868392944336e-01 3.225415945053100586e-01 3.179930150508880615e-01 3.136242926120758057e-01 3.094378709793090820e-01 3.054242432117462158e-01 3.015721440315246582e-01 2.978730797767639160e-01 2.943285107612609863e-01 2.909477949142456055e-01 2.877493202686309814e-01 2.847597599029541016e-01 2.820112407207489014e-01 2.795385122299194336e-01 2.773761749267578125e-01 2.755565941333770752e-01 2.741084992885589600e-01 2.730558812618255615e-01 2.724167704582214355e-01 1.361012458801269531e-01
nan nan nan nan nan nan nan nan nan nan nan nan nan nan nan nan nan nan nan nan nan nan nan nan nan nan nan nan nan nan nan 1.768353581428527832e-01 3.150455057621002197e-01 4.194291234016418457e-01 4.603605568408966064e-01 3.929321467876434326e-01 4.030197858810424805e-01 4.114458858966827393e-01 3.924040496349334717e-01 3.815034031867980957e-01 3.715091645717620850e-01 3.659652769565582275e-01 3.620281219482421875e-01 3.573944270610809326e-01 3.530851006507873535e-01 3.489146530628204346e-01 3.444471657276153564e-01 3.398570120334625244e-01 3.351269662380218506e-01 3.301895558834075928e-01 3.251722157001495361e-01 3.202386796474456787e-01 3.155032992362976074e-01 3.109979927539825439e-01 3.067035377025604248e-01 3.025900721549987793e-01 2.986292243003845215e-01 2.948030531406402588e-01 2.911069095134735107e-01 2.875497043132781982e-01 2.841544151306152344e-01 2.809546291828155518e-01 2.779918015003204346e-01 2.753106355667114258e-01 2.729550004005432129e-01 2.709653377532958984e-01 2.693769633769989014e-01 2.682195305824279785e-01 2.675155401229858398e-01 1.336396336555480957e-01
nan nan nan nan nan nan nan nan nan nan nan nan nan nan nan nan nan nan nan nan nan nan nan nan nan nan nan nan nan nan nan nan nan nan 1.715447604656219482e-01 3.060179054737091064e-01 4.089417159557342529e-01 4.519959688186645508e-01 3.837063014507293701e-01 3.784102201461791992e-01 3.626068830490112305e-01 3.604492843151092529e-01 3.600260615348815918e-01 3.546192348003387451e-01 3.508273363113403320e-01 3.474748730659484863e-01 3.429575264453887939e-01 3.384357988834381104e-01 3.337562084197998047e-01 3.285338282585144043e-01 3.231154680252075195e-01 3.178287446498870850e-01 3.128710091114044189e-01 3.082457184791564941e-01 3.038715124130249023e-01 2.996836900711059570e-01 2.956324219703674316e-01 2.916836738586425781e-01 2.878274321556091309e-01 2.840737402439117432e-01 2.804497480392456055e-01 2.770003378391265869e-01 2.737808525562286377e-01 2.708494067192077637e-01 2.682618796825408936e-01 2.660678029060363770e-01 2.643105089664459229e-01 2.630266249179840088e-01 2.622441649436950684e-01 1.309906244277954102e-01
nan nan nan nan nan nan nan nan nan nan nan nan nan nan nan nan nan nan nan nan nan nan nan nan nan nan nan nan nan nan nan nan nan nan nan nan nan 1.733715683221817017e-01 3.177328407764434814e-01 3.885923624038696289e-01 3.406130373477935791e-01 3.535188436508178711e-01 3.632110059261322021e-01 3.503128588199615479e-01 3.481655120849609375e-01 3.472707271575927734e-01 3.415395021438598633e-01 3.372302651405334473e-01 3.330117464065551758e-01 3.271748125553131104e-01 3.210329711437225342e-01 3.151928782463073730e-01 3.100027441978454590e-01 3.053328990936279297e-01 3.009395003318786621e-01 2.967253923416137695e-01 2.926173806190490723e-01 2.885574102401733398e-01 2.845341861248016357e-01 2.805594801902770996e-01 2.766663134098052979e-01 2.729156017303466797e-01 2.693843841552734375e-01 2.661509215831756592e-01 2.632843255996704102e-01 2.608445882797241211e-01 2.588838636875152588e-01 2.574465274810791016e-01 2.565684914588928223e-01 1.281365156173706055e-01
nan nan nan nan nan nan nan nan nan nan nan nan nan nan nan nan nan nan nan nan nan nan nan nan nan nan nan nan nan nan nan nan nan nan nan nan nan nan nan 1.474940776824951172e-01 2.648501992225646973e-01 3.553947806358337402e-01 3.921599090099334717e-01 3.354728817939758301e-01 3.444624543190002441e-01 3.521269261837005615e-01 3.387725055217742920e-01 3.359674215316772461e-01 3.339924514293670654e-01 3.262478113174438477e-01 3.187860846519470215e-01 3.120282292366027832e-01 3.067165911197662354e-01 3.022386431694030762e-01 2.979176938533782959e-01 2.937481105327606201e-01 2.896424531936645508e-01 2.854845225811004639e-01 2.812862992286682129e-01 2.770636081695556641e-01 2.728468477725982666e-01 2.687241435050964355e-01 2.648090422153472900e-01 2.612083852291107178e-01 2.580071091651916504e-01 2.552733421325683594e-01 2.530671060085296631e-01 2.514429092407226562e-01 2.504470348358154297e-01 1.250556111335754395e-01
nan nan nan nan nan nan nan nan nan nan nan nan nan nan nan nan nan nan nan nan nan nan nan nan nan nan nan nan nan nan nan nan nan nan nan nan nan nan nan nan nan nan 1.461517810821533203e-01 2.605360746383666992e-01 3.471328318119049072e-01 3.813127577304840088e-01 3.256172239780426025e-01 3.340714871883392334e-01 3.410592973232269287e-01 3.252198398113250732e-01 3.160446882247924805e-01 3.075675070285797119e-01 3.027014434337615967e-01 2.990842461585998535e-01 2.948353886604309082e-01 2.907932102680206299e-01 2.868079245090484619e-01 2.825450301170349121e-01 2.781626880168914795e-01 2.736706733703613281e-01 2.690528035163879395e-01 2.644540965557098389e-01 2.600562870502471924e-01 2.560102939605712891e-01 2.524121999740600586e-01 2.493291050195693970e-01 2.468267381191253662e-01 2.449726462364196777e-01 2.438290864229202271e-01 1.217210888862609863e-01
nan nan nan nan nan nan nan nan nan nan nan nan nan nan nan nan nan nan nan nan nan nan nan nan nan nan nan nan nan nan nan nan nan nan nan nan nan nan nan nan nan nan nan nan nan 1.421264261007308960e-01 2.535665035247802734e-01 3.388504385948181152e-01 3.744192719459533691e-01 3.177128434181213379e-01 3.130640089511871338e-01 2.997044324874877930e-01 2.975297272205352783e-01 2.966611683368682861e-01 2.916395962238311768e-01 2.878575026988983154e-01 2.843389213085174561e-01 2.798211276531219482e-01 2.752510011196136475e-01 2.705214917659759521e-01 2.653746902942657471e-01 2.601330280303955078e-01 2.551134228706359863e-01 2.505343556404113770e-01 2.464790642261505127e-01 2.429875731468200684e-01 2.401276975870132446e-01 2.379859983921051025e-01 2.366519272327423096e-01 1.180989146232604980e-01
nan nan nan nan nan nan nan nan nan nan nan nan nan nan nan nan nan nan nan nan nan nan nan nan nan nan nan nan nan nan nan nan nan nan nan nan nan nan nan nan nan nan nan nan nan nan nan nan 1.435198038816452026e-01 2.628738582134246826e-01 3.211365640163421631e-01 2.811536192893981934e-01 2.913142740726470947e-01 2.985903620719909668e-01 2.873087525367736816e-01 2.847127616405487061e-01 2.829647362232208252e-01 2.772499322891235352e-01 2.725957334041595459e-01 2.679183185100555420e-01 2.619496285915374756e-01 2.557708323001861572e-01 2.499235719442367554e-01 2.447364181280136108e-01 2.401927858591079712e-01 2.362337112426757812e-01 2.329383194446563721e-01 2.304272651672363281e-01 2.288356572389602661e-01 1.141440272331237793e-01
nan nan nan nan nan nan nan nan nan nan nan nan nan nan nan nan nan nan nan nan nan nan nan nan nan nan nan nan nan nan nan nan nan nan nan nan nan nan nan nan nan nan nan nan nan nan nan nan nan nan 1.217335835099220276e-01 2.183590829372406006e-01 2.924576997756958008e-01 3.217771351337432861e-01 2.745180726051330566e-01 2.808788120746612549e-01 2.857926189899444580e-01 2.737352252006530762e-01 2.700324654579162598e-01 2.667606472969055176e-01 2.589326202869415283e-01 2.513091862201690674e-01 2.443132102489471436e-01 2.385354191064834595e-01 2.335720062255859375e-01 2.290789783000946045e-01 2.252406179904937744e-01 2.222380787134170532e-01 2.202734947204589844e-01 1.097922325134277344e-01
nan nan nan nan nan nan nan nan nan nan nan nan nan nan nan nan nan nan nan nan nan nan nan nan nan nan nan nan nan nan nan nan nan nan nan nan nan nan nan nan nan nan nan nan nan nan nan nan nan nan nan nan nan 1.195845976471900940e-01 2.127130329608917236e-01 2.823587059974670410e-01 3.084501326084136963e-01 2.620770335197448730e-01 2.671678066253662109e-01 2.705057561397552490e-01 2.559818923473358154e-01 2.465544492006301880e-01 2.377916723489761353e-01 2.317986190319061279e-01 2.267745435237884521e-01 2.215845733880996704e-01 2.170425355434417725e-01 2.133697569370269775e-01 2.108132094144821167e-01 1.049437522888183594e-01
nan nan nan nan nan nan nan nan nan nan nan nan nan nan nan nan nan nan nan nan nan nan nan nan nan nan nan nan nan nan nan nan nan nan nan nan nan nan nan nan nan nan nan nan nan nan nan nan nan nan nan nan nan nan nan nan 1.143742427229881287e-01 2.032469660043716431e-01 2.697766423225402832e-01 2.951374053955078125e-01 2.482406795024871826e-01 2.417544126510620117e-01 2.289137691259384155e-01 2.243798226118087769e-01 2.204826474189758301e-01 2.138231098651885986e-01 2.083805054426193237e-01 2.038392871618270874e-01 2.002173364162445068e-01 9.942471981048583984e-02
nan nan nan nan nan nan nan nan nan nan nan nan nan nan nan nan nan nan nan nan nan nan nan nan nan nan nan nan nan nan nan nan nan nan nan nan nan nan nan nan nan nan nan nan nan nan nan nan nan nan nan nan nan nan nan nan nan nan nan 1.120369434356689453e-01 2.037007659673690796e-01 2.456315010786056519e-01 2.124241590499877930e-01 2.166151255369186401e-01 2.174374461174011230e-01 2.053310722112655640e-01 1.992824673652648926e-01 1.939845830202102661e-01 1.880603283643722534e-01 9.290039539337158203e-02
nan nan nan nan nan nan nan nan nan nan nan nan nan nan nan nan nan nan nan nan nan nan nan nan nan nan nan nan nan nan nan nan nan nan nan nan nan nan nan nan nan nan nan nan nan nan nan nan nan nan nan nan nan nan nan nan nan nan nan nan nan 9.193003177642822266e-02 1.632181406021118164e-01 2.147609591484069824e-01 2.300388365983963013e-01 1.915233433246612549e-01 1.898794919252395630e-01 1.856826394796371460e-01 1.733386814594268799e-01 8.469426631927490234e-02
nan nan nan nan nan nan nan nan nan nan nan nan nan nan nan nan nan nan nan nan nan nan nan nan nan nan nan nan nan nan nan nan nan nan nan nan nan nan nan nan nan nan nan nan nan nan nan nan nan nan nan nan nan nan nan nan nan nan nan nan nan nan nan nan 8.314060419797897339e-02 1.446796208620071411e-01 1.844824701547622681e-01 1.890971511602401733e-01 1.523620337247848511e-01 7.361429929733276367e-02
nan nan nan nan nan nan nan nan nan nan nan nan nan nan nan nan nan nan nan nan nan nan nan nan nan nan nan nan nan nan nan nan nan nan nan nan nan nan nan nan nan nan nan nan nan nan nan nan nan nan nan nan nan nan nan nan nan nan nan nan nan nan nan nan nan nan nan 6.418105214834213257e-02 1.058271005749702454e-01 5.949860811233520508e-02
nan nan nan nan nan nan nan nan nan nan nan nan nan nan nan nan nan nan nan nan nan nan nan nan nan nan nan nan nan nan nan nan nan nan nan nan nan nan nan nan nan nan nan nan nan nan nan nan nan nan nan nan nan nan nan nan nan nan nan nan nan nan nan nan nan nan nan nan nan nan
