nan nan nan nan nan nan nan nan nan nan nan nan nan nan nan nan nan nan nan nan nan nan nan nan nan nan nan nan nan nan nan nan nan nan nan nan nan nan nan nan nan nan nan nan nan nan nan nan nan nan nan nan nan nan nan nan nan nan nan nan
nan nan nan nan nan nan nan nan nan nan nan nan nan nan nan nan nan nan nan nan nan nan nan nan nan nan nan nan nan nan nan nan nan nan nan nan nan nan nan nan nan nan nan nan nan nan nan nan nan nan nan nan nan nan nan nan nan -4.944282770156860352e-02 -1.142629981040954590e-01 -6.482017040252685547e-02
nan nan nan nan nan nan nan nan nan nan nan nan nan nan nan nan nan nan nan nan nan nan nan nan nan nan nan nan nan nan nan nan nan nan nan nan nan nan nan nan nan nan nan nan nan nan nan nan nan nan nan nan nan nan -6.406944990158081055e-02 -1.553027033805847168e-01 -2.002263665199279785e-01 -1.925014853477478027e-01 -1.637058258056640625e-01 -8.019745349884033203e-02
nan nan nan nan nan nan nan nan nan nan nan nan nan nan nan nan nan nan nan nan nan nan nan nan nan nan nan nan nan nan nan nan nan nan nan nan nan nan nan nan nan nan nan nan nan nan nan nan nan nan nan -7.090592384338378906e-02 -1.748995780944824219e-01 -2.328295707702636719e-01 -2.298110723495483398e-01 -2.016123533248901367e-01 -2.034320831298828125e-01 -1.981949210166931152e-01 -1.876639127731323242e-01 -9.226387739181518555e-02
nan nan nan nan nan nan nan nan nan nan nan nan nan nan nan nan nan nan nan nan nan nan nan nan nan nan nan nan nan nan nan nan nan nan nan nan nan nan nan nan nan nan nan nan nan nan nan nan nan -8.650708198547363281e-02 -2.178038358688354492e-01 -2.400211095809936523e-01 -2.209631204605102539e-01 -2.297086715698242188e-01 -2.278276681900024414e-01 -2.179032564163208008e-01 -2.136947512626647949e-01 -2.091823220252990723e-01 -2.042271494865417480e-01 -1.011940836906433105e-01
nan nan nan nan nan nan nan nan nan nan nan nan nan nan nan nan nan nan nan nan nan nan nan nan nan nan nan nan nan nan nan nan nan nan nan nan nan nan nan nan nan nan nan nan nan nan -8.852732181549072266e-02 -2.184801101684570312e-01 -2.930896282196044922e-01 -2.913614511489868164e-01 -2.559775114059448242e-01 -2.482088804244995117e-01 -2.392232418060302734e-01 -2.372139692306518555e-01 -2.338874936103820801e-01 -2.284784913063049316e-01 -2.242613434791564941e-01 -2.206124663352966309e-01 -2.176741361618041992e-01 -1.082853078842163086e-01
nan nan nan nan nan nan nan nan nan nan nan nan nan nan nan nan nan nan nan nan nan nan nan nan nan nan nan nan nan nan nan nan nan nan nan nan nan nan nan nan nan nan nan -9.287929534912109375e-02 -2.293794155120849609e-01 -3.076956272125244141e-01 -3.068244457244873047e-01 -2.738232612609863281e-01 -2.829202413558959961e-01 -2.802277803421020508e-01 -2.665357589721679688e-01 -2.576131820678710938e-01 -2.505069971084594727e-01 -2.460367679595947266e-01 -2.420299649238586426e-01 -2.378618121147155762e-01 -2.342596650123596191e-01 -2.313320636749267578e-01 -2.292863130569458008e-01 -1.142730116844177246e-01
nan nan nan nan nan nan nan nan nan nan nan nan nan nan nan nan nan nan nan nan nan nan nan nan nan nan nan nan nan nan nan nan nan nan nan nan nan nan nan nan -9.497427940368652344e-02 -2.362329959869384766e-01 -3.198490142822265625e-01 -3.207275867462158203e-01 -2.875630855560302734e-01 -2.983558177947998047e-01 -2.975292205810546875e-01 -2.870683670043945312e-01 -2.845399379730224609e-01 -2.800935506820678711e-01 -2.723248004913330078e-01 -2.652014493942260742e-01 -2.591546773910522461e-01 -2.543960809707641602e-01 -2.503337264060974121e-01 -2.466790080070495605e-01 -2.435833215713500977e-01 -2.411699891090393066e-01 -2.395930886268615723e-01 -1.195203065872192383e-01
nan nan nan nan nan nan nan nan nan nan nan nan nan nan nan nan nan nan nan nan nan nan nan nan nan nan nan nan nan nan nan nan nan nan nan nan nan nan -1.124093532562255859e-01 -2.846407890319824219e-01 -3.158960342407226562e-01 -2.938761711120605469e-01 -3.097066879272460938e-01 -3.111498355865478516e-01 -3.017899990081787109e-01 -3.006348609924316406e-01 -2.978682518005371094e-01 -2.923811674118041992e-01 -2.880777120590209961e-01 -2.832815647125244141e-01 -2.774682044982910156e-01 -2.717131376266479492e-01 -2.665141820907592773e-01 -2.620589733123779297e-01 -2.582300901412963867e-01 -2.549372911453247070e-01 -2.522245049476623535e-01 -2.501714825630187988e-01 -2.488754391670227051e-01 -1.242151856422424316e-01
nan nan nan nan nan nan nan nan nan nan nan nan nan nan nan nan nan nan nan nan nan nan nan nan nan nan nan nan nan nan nan nan nan nan nan -1.121108531951904297e-01 -2.774434089660644531e-01 -3.742709159851074219e-01 -3.739352226257324219e-01 -3.306427001953125000e-01 -3.228864669799804688e-01 -3.136684894561767578e-01 -3.139517307281494141e-01 -3.123753070831298828e-01 -3.078126907348632812e-01 -3.045251369476318359e-01 -3.009271621704101562e-01 -2.965105772018432617e-01 -2.921086549758911133e-01 -2.874869108200073242e-01 -2.825530767440795898e-01 -2.776684761047363281e-01 -2.731301784515380859e-01 -2.690956592559814453e-01 -2.655901908874511719e-01 -2.626155018806457520e-01 -2.602060437202453613e-01 -2.584159970283508301e-01 -2.573067545890808105e-01 -1.284650564193725586e-01
nan nan nan nan nan nan nan nan nan nan nan nan nan nan nan nan nan nan nan nan nan nan nan nan nan nan nan nan nan nan nan nan -1.162571907043457031e-01 -2.874436378479003906e-01 -3.865261077880859375e-01 -3.863389492034912109e-01 -3.459484577178955078e-01 -3.590250015258789062e-01 -3.570697307586669922e-01 -3.411087989807128906e-01 -3.313386440277099609e-01 -3.239598274230957031e-01 -3.200566768646240234e-01 -3.165864944458007812e-01 -3.125600814819335938e-01 -3.087258338928222656e-01 -3.048050403594970703e-01 -3.006255626678466797e-01 -2.963591814041137695e-01 -2.920039892196655273e-01 -2.875888347625732422e-01 -2.832777500152587891e-01 -2.792426347732543945e-01 -2.756029367446899414e-01 -2.724195718765258789e-01 -2.697286605834960938e-01 -2.675679326057434082e-01 -2.659797668457031250e-01 -2.650054097175598145e-01 -1.323382854461669922e-01
nan nan nan nan nan nan nan nan nan nan nan nan nan nan nan nan nan nan nan nan nan nan nan nan nan nan nan nan nan -1.184706687927246094e-01 -2.947177886962890625e-01 -3.992352485656738281e-01 -4.005727767944335938e-01 -3.595471382141113281e-01 -3.736858367919921875e-01 -3.733205795288085938e-01 -3.609859943389892578e-01 -3.588113784790039062e-01 -3.542098999023437500e-01 -3.453836441040039062e-01 -3.373994827270507812e-01 -3.307757377624511719e-01 -3.257288932800292969e-01 -3.213539123535156250e-01 -3.171150684356689453e-01 -3.130133152008056641e-01 -3.089416027069091797e-01 -3.048267364501953125e-01 -3.006988763809204102e-01 -2.965812683105468750e-01 -2.925204038619995117e-01 -2.886109352111816406e-01 -2.849594354629516602e-01 -2.816541194915771484e-01 -2.787564992904663086e-01 -2.763115167617797852e-01 -2.743575572967529297e-01 -2.729296684265136719e-01 -2.720584869384765625e-01 -1.358827352523803711e-01
nan nan nan nan nan nan nan nan nan nan nan nan nan nan nan nan nan nan nan nan nan nan nan nan nan nan nan -1.403512954711914062e-01 -3.552474975585937500e-01 -3.940610885620117188e-01 -3.664474487304687500e-01 -3.861584663391113281e-01 -3.880066871643066406e-01 -3.764863014221191406e-01 -3.753495216369628906e-01 -3.722710609436035156e-01 -3.658635616302490234e-01 -3.610243797302246094e-01 -3.555741310119628906e-01 -3.488171100616455078e-01 -3.421001434326171875e-01 -3.360137939453125000e-01 -3.307292461395263672e-01 -3.259859085083007812e-01 -3.215329647064208984e-01 -3.172702789306640625e-01 -3.131215572357177734e-01 -3.090410232543945312e-01 -3.050282001495361328e-01 -3.011018037796020508e-01 -2.973004579544067383e-01 -2.936863899230957031e-01 -2.903302907943725586e-01 -2.872972488403320312e-01 -2.846407890319824219e-01 -2.824035882949829102e-01 -2.806209325790405273e-01 -2.793228626251220703e-01 -2.785333395004272461e-01 -1.391341686248779297e-01
nan nan nan nan nan nan nan nan nan nan nan nan nan nan nan nan nan nan nan nan nan nan nan nan -1.407523155212402344e-01 -3.479585647583007812e-01 -4.685921669006347656e-01 -4.675436019897460938e-01 -4.128594398498535156e-01 -4.027118682861328125e-01 -3.908519744873046875e-01 -3.909454345703125000e-01 -3.888087272644042969e-01 -3.830399513244628906e-01 -3.789563179016113281e-01 -3.745503425598144531e-01 -3.691725730895996094e-01 -3.638491630554199219e-01 -3.582453727722167969e-01 -3.522109985351562500e-01 -3.461692333221435547e-01 -3.404505252838134766e-01 -3.351888656616210938e-01 -3.303270339965820312e-01 -3.257601261138916016e-01 -3.214135169982910156e-01 -3.172333240509033203e-01 -3.131878376007080078e-01 -3.092714548110961914e-01 -3.054969310760498047e-01 -3.018934726715087891e-01 -2.985037565231323242e-01 -2.953776121139526367e-01 -2.925640344619750977e-01 -2.901061773300170898e-01 -2.880409359931945801e-01 -2.863995432853698730e-01 -2.852074503898620605e-01 -2.844838500022888184e-01 -1.421205997467041016e-01
nan nan nan nan nan nan nan nan nan nan nan nan nan nan nan nan nan nan nan nan nan -1.473121643066406250e-01 -3.636622428894042969e-01 -4.877252578735351562e-01 -4.864263534545898438e-01 -4.345312118530273438e-01 -4.499220848083496094e-01 -4.466342926025390625e-01 -4.259347915649414062e-01 -4.130754470825195312e-01 -4.033036231994628906e-01 -3.979611396789550781e-01 -3.932437896728515625e-01 -3.879098892211914062e-01 -3.828845024108886719e-01 -3.778018951416015625e-01 -3.724267482757568359e-01 -3.669533729553222656e-01 -3.613476753234863281e-01 -3.556118011474609375e-01 -3.499157428741455078e-01 -3.444304466247558594e-01 -3.392481803894042969e-01 -3.343729972839355469e-01 -3.297677040100097656e-01 -3.253908157348632812e-01 -3.212099075317382812e-01 -3.172054290771484375e-01 -3.133726119995117188e-01 -3.097211122512817383e-01 -3.062725067138671875e-01 -3.030577898025512695e-01 -3.001127243041992188e-01 -2.974747419357299805e-01 -2.951786518096923828e-01 -2.932546734809875488e-01 -2.917291522026062012e-01 -2.906234264373779297e-01 -2.899532914161682129e-01 -1.448643803596496582e-01
nan nan nan nan nan nan nan nan nan nan nan nan nan nan nan nan nan nan -1.519732475280761719e-01 -3.773164749145507812e-01 -5.093836784362792969e-01 -5.096273422241210938e-01 -4.559488296508789062e-01 -4.723339080810546875e-01 -4.705700874328613281e-01 -4.538173675537109375e-01 -4.499316215515136719e-01 -4.431371688842773438e-01 -4.311685562133789062e-01 -4.203515052795410156e-01 -4.113254547119140625e-01 -4.043531417846679688e-01 -3.982949256896972656e-01 -3.924708366394042969e-01 -3.868708610534667969e-01 -3.813443183898925781e-01 -3.757796287536621094e-01 -3.701913356781005859e-01 -3.645799160003662109e-01 -3.589723110198974609e-01 -3.534512519836425781e-01 -3.481073379516601562e-01 -3.430006504058837891e-01 -3.381495475769042969e-01 -3.335459232330322266e-01 -3.291721343994140625e-01 -3.250105381011962891e-01 -3.210511207580566406e-01 -3.172924518585205078e-01 -3.137426376342773438e-01 -3.104180097579956055e-01 -3.073415756225585938e-01 -3.045408725738525391e-01 -3.020440340042114258e-01 -2.998787164688110352e-01 -2.980698347091674805e-01 -2.966389656066894531e-01 -2.956037521362304688e-01 -2.949771881103515625e-01 -1.473836898803710938e-01
nan nan nan nan nan nan nan nan nan nan nan nan nan nan nan nan -1.819553375244140625e-01 -4.593906402587890625e-01 -5.080118179321289062e-01 -4.705915451049804688e-01 -4.938945770263671875e-01 -4.945135116577148438e-01 -4.781708717346191406e-01 -4.750914573669433594e-01 -4.697031974792480469e-01 -4.602355957031250000e-01 -4.528493881225585938e-01 -4.448151588439941406e-01 -4.352521896362304688e-01 -4.258351325988769531e-01 -4.172940254211425781e-01 -4.098310470581054688e-01 -4.031109809875488281e-01 -3.968086242675781250e-01 -3.907842636108398438e-01 -3.849253654479980469e-01 -3.791556358337402344e-01 -3.734509944915771484e-01 -3.678085803985595703e-01 -3.622469902038574219e-01 -3.568096160888671875e-01 -3.515470027923583984e-01 -3.464968204498291016e-01 -3.416786193847656250e-01 -3.370952606201171875e-01 -3.327407836914062500e-01 -3.286089897155761719e-01 -3.246960639953613281e-01 -3.210034370422363281e-01 -3.175388574600219727e-01 -3.143149614334106445e-01 -3.113499879837036133e-01 -3.086649179458618164e-01 -3.062816858291625977e-01 -3.042223453521728516e-01 -3.025070428848266602e-01 -3.011533021926879883e-01 -3.001754283905029297e-01 -2.995842695236206055e-01 -1.496932506561279297e-01
nan nan nan nan nan nan nan nan nan nan nan nan nan -1.860008239746093750e-01 -4.584350585937500000e-01 -6.141395568847656250e-01 -6.101350784301757812e-01 -5.362319946289062500e-01 -5.206832885742187500e-01 -5.031437873840332031e-01 -5.010905265808105469e-01 -4.963603019714355469e-01 -4.871301651000976562e-01 -4.801583290100097656e-01 -4.729156494140625000e-01 -4.645729064941406250e-01 -4.564156532287597656e-01 -4.480204582214355469e-01 -4.391899108886718750e-01 -4.304432868957519531e-01 -4.221835136413574219e-01 -4.145669937133789062e-01 -4.075098037719726562e-01 -4.008674621582031250e-01 -3.945312500000000000e-01 -3.884172439575195312e-01 -3.824667930603027344e-01 -3.766496181488037109e-01 -3.709566593170166016e-01 -3.653969764709472656e-01 -3.599932193756103516e-01 -3.547735214233398438e-01 -3.497619628906250000e-01 -3.449735641479492188e-01 -3.404147624969482422e-01 -3.360865116119384766e-01 -3.319885730743408203e-01 -3.281209468841552734e-01 -3.244869709014892578e-01 -3.210939168930053711e-01 -3.179531097412109375e-01 -3.150786161422729492e-01 -3.124868869781494141e-01 -3.101956844329833984e-01 -3.082221746444702148e-01 -3.065826296806335449e-01 -3.052914142608642578e-01 -3.043603301048278809e-01 -3.037980794906616211e-01 -1.518050432205200195e-01
nan nan nan nan nan nan nan nan nan nan -1.992216110229492188e-01 -4.899978637695312500e-01 -6.529722213745117188e-01 -6.477632522583007812e-01 -5.751628875732421875e-01 -5.918941497802734375e-01 -5.845527648925781250e-01 -5.547189712524414062e-01 -5.353479385375976562e-01 -5.202083587646484375e-01 -5.109615325927734375e-01 -5.027074813842773438e-01 -4.938321113586425781e-01 -4.854955673217773438e-01 -4.772281646728515625e-01 -4.687252044677734375e-01 -4.602198600769042969e-01 -4.516611099243164062e-01 -4.430427551269531250e-01 -4.345650672912597656e-01 -4.264307022094726562e-01 -4.187431335449218750e-01 -4.114928245544433594e-01 -4.046196937561035156e-01 -3.980574607849121094e-01 -3.917465209960937500e-01 -3.856439590454101562e-01 -3.797230720520019531e-01 -3.739714622497558594e-01 -3.683912754058837891e-01 -3.629930019378662109e-01 -3.577921390533447266e-01 -3.528034687042236328e-01 -3.480384349822998047e-01 -3.435037136077880859e-01 -3.392026424407958984e-01 -3.351378440856933594e-01 -3.313119411468505859e-01 -3.277292251586914062e-01 -3.243970870971679688e-01 -3.213249444961547852e-01 -3.185242414474487305e-01 -3.160086870193481445e-01 -3.137918710708618164e-01 -3.118878602981567383e-01 -3.103099465370178223e-01 -3.090696334838867188e-01 -3.081764578819274902e-01 -3.076375722885131836e-01 -1.537287235260009766e-01
nan nan nan nan nan nan nan -2.115688323974609375e-01 -5.228071212768554688e-01 -7.001171112060546875e-01 -6.957664489746093750e-01 -6.178007125854492188e-01 -6.351556777954101562e-01 -6.287202835083007812e-01 -6.025600433349609375e-01 -5.937232971191406250e-01 -5.814619064331054688e-01 -5.627422332763671875e-01 -5.457811355590820312e-01 -5.313796997070312500e-01 -5.198402404785156250e-01 -5.096764564514160156e-01 -4.999957084655761719e-01 -4.907636642456054688e-01 -4.817757606506347656e-01 -4.728784561157226562e-01 -4.640774726867675781e-01 -4.553623199462890625e-01 -4.467544555664062500e-01 -4.383440017700195312e-01 -4.302320480346679688e-01 -4.224805831909179688e-01 -4.150991439819335938e-01 -4.080619812011718750e-01 -4.013309478759765625e-01 -3.948674201965332031e-01 -3.886399269104003906e-01 -3.826270103454589844e-01 -3.768155574798583984e-01 -3.712034225463867188e-01 -3.657951354980468750e-01 -3.605983257293701172e-01 -3.556218147277832031e-01 -3.508732318878173828e-01 -3.463587760925292969e-01 -3.420825004577636719e-01 -3.380479812622070312e-01 -3.342592716217041016e-01 -3.307213783264160156e-01 -3.274405002593994141e-01 -3.244251012802124023e-01 -3.216850757598876953e-01 -3.192313909530639648e-01 -3.170751333236694336e-01 -3.152276277542114258e-01 -3.136996626853942871e-01 -3.125005364418029785e-01 -3.116382360458374023e-01 -3.111184239387512207e-01 -1.554723381996154785e-01
nan nan nan nan nan -2.602920532226562500e-01 -6.527175903320312500e-01 -7.158927917480468750e-01 -6.567363739013671875e-01 -6.825561523437500000e-01 -6.778259277343750000e-01 -6.502828598022460938e-01 -6.411275863647460938e-01 -6.294050216674804688e-01 -6.126346588134765625e-01 -5.989732742309570312e-01 -5.848293304443359375e-01 -5.690088272094726562e-01 -5.536556243896484375e-01 -5.396881103515625000e-01 -5.273427963256835938e-01 -5.161628723144531250e-01 -5.057101249694824219e-01 -4.957871437072753906e-01 -4.862332344055175781e-01 -4.769353866577148438e-01 -4.678497314453125000e-01 -4.589571952819824219e-01 -4.502677917480468750e-01 -4.418239593505859375e-01 -4.336729049682617188e-01 -4.258484840393066406e-01 -4.183611869812011719e-01 -4.111981391906738281e-01 -4.043369293212890625e-01 -3.977527618408203125e-01 -3.914222717285156250e-01 -3.853282928466796875e-01 -3.794596195220947266e-01 -3.738121986389160156e-01 -3.683860301971435547e-01 -3.631839752197265625e-01 -3.582117557525634766e-01 -3.534741401672363281e-01 -3.489756584167480469e-01 -3.447206020355224609e-01 -3.407127857208251953e-01 -3.369562625885009766e-01 -3.334558010101318359e-01 -3.302180767059326172e-01 -3.272501230239868164e-01 -3.245598077774047852e-01 -3.221565485000610352e-01 -3.200495243072509766e-01 -3.182479143142700195e-01 -3.167605400085449219e-01 -3.155948519706726074e-01 -3.147574663162231445e-01 -3.142530322074890137e-01 -1.570422649383544922e-01
nan nan -2.854881286621093750e-01 -6.938343048095703125e-01 -9.096174240112304688e-01 -8.897218704223632812e-01 -7.704000473022460938e-01 -7.385549545288085938e-01 -7.056865692138671875e-01 -6.955461502075195312e-01 -6.827001571655273438e-01 -6.643743515014648438e-01 -6.496677398681640625e-01 -6.351385116577148438e-01 -6.195983886718750000e-01 -6.047058105468750000e-01 -5.898752212524414062e-01 -5.748071670532226562e-01 -5.601444244384765625e-01 -5.463762283325195312e-01 -5.336785316467285156e-01 -5.219211578369140625e-01 -5.108952522277832031e-01 -5.004420280456542969e-01 -4.904346466064453125e-01 -4.807806015014648438e-01 -4.714274406433105469e-01 -4.623484611511230469e-01 -4.535379409790039062e-01 -4.450097084045410156e-01 -4.367856979370117188e-01 -4.288811683654785156e-01 -4.212989807128906250e-01 -4.140319824218750000e-01 -4.070658683776855469e-01 -4.003834724426269531e-01 -3.939676284790039062e-01 -3.878045082092285156e-01 -3.818836212158203125e-01 -3.761999607086181641e-01 -3.707520961761474609e-01 -3.655405044555664062e-01 -3.605673313140869141e-01 -3.558356761932373047e-01 -3.513493537902832031e-01 -3.471114635467529297e-01 -3.431258201599121094e-01 -3.393964767456054688e-01 -3.359282016754150391e-01 -3.327262401580810547e-01 -3.297970294952392578e-01 -3.271476030349731445e-01 -3.247854709625244141e-01 -3.227185010910034180e-01 -3.209540843963623047e-01 -3.194994926452636719e-01 -3.183609247207641602e-01 -3.175436854362487793e-01 -3.170517683029174805e-01 -1.584437489509582520e-01
-1.000000000000000000e+00 -1.133386611938476562e+00 -1.044637680053710938e+00 -8.863973617553710938e-01 -8.850049972534179688e-01 -8.570137023925781250e-01 -8.006057739257812500e-01 -7.622394561767578125e-01 -7.319107055664062500e-01 -7.112417221069335938e-01 -6.930551528930664062e-01 -6.748456954956054688e-01 -6.580295562744140625e-01 -6.418828964233398438e-01 -6.259155273437500000e-01 -6.103773117065429688e-01 -5.951566696166992188e-01 -5.802021026611328125e-01 -5.657367706298828125e-01 -5.519933700561523438e-01 -5.390753746032714844e-01 -5.269470214843750000e-01 -5.155081748962402344e-01 -5.046510696411132812e-01 -4.942817687988281250e-01 -4.843263626098632812e-01 -4.747328758239746094e-01 -4.654698371887207031e-01 -4.565238952636718750e-01 -4.478926658630371094e-01 -4.395804405212402344e-01 -4.315900802612304688e-01 -4.239206314086914062e-01 -4.165654182434082031e-01 -4.095120429992675781e-01 -4.027481079101562500e-01 -3.962607383728027344e-01 -3.900370597839355469e-01 -3.840696811676025391e-01 -3.783526420593261719e-01 -3.728821277618408203e-01 -3.676581382751464844e-01 -3.626809120178222656e-01 -3.579523563385009766e-01 -3.534743785858154297e-01 -3.492500782012939453e-01 -3.452827930450439453e-01 -3.415760993957519531e-01 -3.381340503692626953e-01 -3.349615335464477539e-01 -3.320642709732055664e-01 -3.294481039047241211e-01 -3.271194696426391602e-01 -3.250848054885864258e-01 -3.233504295349121094e-01 -3.219223022460937500e-01 -3.208056092262268066e-01 -3.200047016143798828e-01 -3.195227980613708496e-01 -1.596809625625610352e-01
-1.000000000000000000e+00 -1.033169746398925781e+00 -9.912710189819335938e-01 -9.221134185791015625e-01 -8.869895935058593750e-01 -8.527221679687500000e-01 -8.127698898315429688e-01 -7.778863906860351562e-01 -7.484760284423828125e-01 -7.244567871093750000e-01 -7.034301757812500000e-01 -6.839227676391601562e-01 -6.657238006591796875e-01 -6.484479904174804688e-01 -6.318025588989257812e-01 -6.157321929931640625e-01 -6.001720428466796875e-01 -5.851039886474609375e-01 -5.706100463867187500e-01 -5.567855834960937500e-01 -5.436816215515136719e-01 -5.312852859497070312e-01 -5.195388793945312500e-01 -5.083723068237304688e-01 -4.977154731750488281e-01 -4.875087738037109375e-01 -4.777059555053710938e-01 -4.682750701904296875e-01 -4.591960906982421875e-01 -4.504570960998535156e-01 -4.420523643493652344e-01 -4.339785575866699219e-01 -4.262290000915527344e-01 -4.187955856323242188e-01 -4.116692543029785156e-01 -4.048371315002441406e-01 -3.982882499694824219e-01 -3.920140266418457031e-01 -3.860061168670654297e-01 -3.802580833435058594e-01 -3.747663497924804688e-01 -3.695290088653564453e-01 -3.645460605621337891e-01 -3.598177433013916016e-01 -3.553457260131835938e-01 -3.511319160461425781e-01 -3.471791744232177734e-01 -3.434908390045166016e-01 -3.400702476501464844e-01 -3.369216918945312500e-01 -3.340501785278320312e-01 -3.314611911773681641e-01 -3.291594982147216797e-01 -3.271508216857910156e-01 -3.254406452178955078e-01 -3.240337371826171875e-01 -3.229345083236694336e-01 -3.221465945243835449e-01 -3.216727972030639648e-01 -1.607573628425598145e-01
-1.000000000000000000e+00 -9.939498901367187500e-01 -9.651651382446289062e-01 -9.237966537475585938e-01 -8.881168365478515625e-01 -8.541164398193359375e-01 -8.198642730712890625e-01 -7.880592346191406250e-01 -7.596502304077148438e-01 -7.346782684326171875e-01 -7.122859954833984375e-01 -6.916933059692382812e-01 -6.724967956542968750e-01 -6.543798446655273438e-01 -6.371145248413085938e-01 -6.205778121948242188e-01 -6.046953201293945312e-01 -5.894346237182617188e-01 -5.748109817504882812e-01 -5.608558654785156250e-01 -5.475816726684570312e-01 -5.349726676940917969e-01 -5.229902267456054688e-01 -5.115838050842285156e-01 -5.006990432739257812e-01 -4.902873039245605469e-01 -4.803080558776855469e-01 -4.707293510437011719e-01 -4.615273475646972656e-01 -4.526858329772949219e-01 -4.441943168640136719e-01 -4.360423088073730469e-01 -4.282207489013671875e-01 -4.207205772399902344e-01 -4.135308265686035156e-01 -4.066419601440429688e-01 -4.000430107116699219e-01 -3.937253952026367188e-01 -3.876819610595703125e-01 -3.819065093994140625e-01 -3.763957023620605469e-01 -3.711459636688232422e-01 -3.661563396453857422e-01 -3.614270687103271484e-01 -3.569588661193847656e-01 -3.527529239654541016e-01 -3.488113880157470703e-01 -3.451375961303710938e-01 -3.417341709136962891e-01 -3.386048078536987305e-01 -3.357542753219604492e-01 -3.331866264343261719e-01 -3.309063911437988281e-01 -3.289184570312500000e-01 -3.272274732589721680e-01 -3.258374333381652832e-01 -3.247520327568054199e-01 -3.239745497703552246e-01 -3.235071301460266113e-01 -1.616755723953247070e-01
-1.000000000000000000e+00 -9.771471023559570312e-01 -9.516429901123046875e-01 -9.197883605957031250e-01 -8.875656127929687500e-01 -8.557643890380859375e-01 -8.245096206665039062e-01 -7.948350906372070312e-01 -7.673892974853515625e-01 -7.423210144042968750e-01 -7.193422317504882812e-01 -6.980667114257812500e-01 -6.781892776489257812e-01 -6.594610214233398438e-01 -6.416969299316406250e-01 -6.247701644897460938e-01 -6.085958480834960938e-01 -5.931282043457031250e-01 -5.783462524414062500e-01 -5.642452239990234375e-01 -5.508146286010742188e-01 -5.380325317382812500e-01 -5.258669853210449219e-01 -5.142736434936523438e-01 -5.032095909118652344e-01 -4.926338195800781250e-01 -4.825091361999511719e-01 -4.728055000305175781e-01 -4.634976387023925781e-01 -4.545664787292480469e-01 -4.459967613220214844e-01 -4.377756118774414062e-01 -4.298915863037109375e-01 -4.223341941833496094e-01 -4.150924682617187500e-01 -4.081559181213378906e-01 -4.015154838562011719e-01 -3.951625823974609375e-01 -3.890900611877441406e-01 -3.832917213439941406e-01 -3.777635097503662109e-01 -3.725023269653320312e-01 -3.675067424774169922e-01 -3.627755641937255859e-01 -3.583092689514160156e-01 -3.541092872619628906e-01 -3.501765727996826172e-01 -3.465135097503662109e-01 -3.431236743927001953e-01 -3.400098085403442383e-01 -3.371752500534057617e-01 -3.346242904663085938e-01 -3.323609828948974609e-01 -3.303893804550170898e-01 -3.287132978439331055e-01 -3.273363709449768066e-01 -3.262619376182556152e-01 -3.254924416542053223e-01 -3.250299096107482910e-01 -1.624377965927124023e-01
-1.000000000000000000e+00 -9.694280624389648438e-01 -9.444723129272460938e-01 -9.161500930786132812e-01 -8.865919113159179688e-01 -8.568649291992187500e-01 -8.275766372680664062e-01 -7.993822097778320312e-01 -7.727508544921875000e-01 -7.478733062744140625e-01 -7.246942520141601562e-01 -7.030439376831054688e-01 -6.827306747436523438e-01 -6.635789871215820312e-01 -6.454429626464843750e-01 -6.282081604003906250e-01 -6.117906570434570312e-01 -5.961341857910156250e-01 -5.812015533447265625e-01 -5.669641494750976562e-01 -5.533990859985351562e-01 -5.404782295227050781e-01 -5.281686782836914062e-01 -5.164332389831542969e-01 -5.052323341369628906e-01 -4.945292472839355469e-01 -4.842905998229980469e-01 -4.744863510131835938e-01 -4.650912284851074219e-01 -4.560847282409667969e-01 -4.474501609802246094e-01 -4.391717910766601562e-01 -4.312362670898437500e-01 -4.236321449279785156e-01 -4.163484573364257812e-01 -4.093747138977050781e-01 -4.027009010314941406e-01 -3.963193893432617188e-01 -3.902232646942138672e-01 -3.844065666198730469e-01 -3.788642883300781250e-01 -3.735935688018798828e-01 -3.685922622680664062e-01 -3.638589382171630859e-01 -3.593940734863281250e-01 -3.551979064941406250e-01 -3.512716293334960938e-01 -3.476171493530273438e-01 -3.442373275756835938e-01 -3.411347866058349609e-01 -3.383125066757202148e-01 -3.357745409011840820e-01 -3.335241079330444336e-01 -3.315646648406982422e-01 -3.298999071121215820e-01 -3.285329937934875488e-01 -3.274666666984558105e-01 -3.267032504081726074e-01 -3.262445330619812012e-01 -1.630457639694213867e-01
-1.000000000000000000e+00 -9.657239913940429688e-01 -9.406700134277343750e-01 -9.137487411499023438e-01 -8.857860565185546875e-01 -8.575258255004882812e-01 -8.295497894287109375e-01 -8.023672103881835938e-01 -7.763566970825195312e-01 -7.517261505126953125e-01 -7.285213470458984375e-01 -7.066831588745117188e-01 -6.861095428466796875e-01 -6.666822433471679688e-01 -6.482868194580078125e-01 -6.308279037475585938e-01 -6.142263412475585938e-01 -5.984182357788085938e-01 -5.833587646484375000e-01 -5.690097808837890625e-01 -5.553388595581054688e-01 -5.423140525817871094e-01 -5.298981666564941406e-01 -5.180578231811523438e-01 -5.067572593688964844e-01 -4.959607124328613281e-01 -4.856367111206054688e-01 -4.757571220397949219e-01 -4.662961959838867188e-01 -4.572324752807617188e-01 -4.485473632812500000e-01 -4.402241706848144531e-01 -4.322495460510253906e-01 -4.246101379394531250e-01 -4.172945022583007812e-01 -4.102926254272460938e-01 -4.035940170288085938e-01 -3.971910476684570312e-01 -3.910777568817138672e-01 -3.852467536926269531e-01 -3.796935081481933594e-01 -3.744153976440429688e-01 -3.694095611572265625e-01 -3.646745681762695312e-01 -3.602101802825927734e-01 -3.560163974761962891e-01 -3.520944118499755859e-01 -3.484463691711425781e-01 -3.450736999511718750e-01 -3.419792652130126953e-01 -3.391661643981933594e-01 -3.366371393203735352e-01 -3.343958854675292969e-01 -3.324453830718994141e-01 -3.307887315750122070e-01 -3.294289708137512207e-01 -3.283685445785522461e-01 -3.276094794273376465e-01 -3.271534442901611328e-01 -1.635006666183471680e-01
-1.000000000000000000e+00 -9.639558792114257812e-01 -9.387321472167968750e-01 -9.123868942260742188e-01 -8.852806091308593750e-01 -8.579025268554687500e-01 -8.307285308837890625e-01 -8.041791915893554688e-01 -7.785844802856445312e-01 -7.541542053222656250e-01 -7.309780120849609375e-01 -7.090587615966796875e-01 -6.883440017700195312e-01 -6.687517166137695312e-01 -6.501960754394531250e-01 -6.325922012329101562e-01 -6.158647537231445312e-01 -5.999536514282226562e-01 -5.848054885864257812e-01 -5.703783035278320312e-01 -5.566349029541015625e-01 -5.435380935668945312e-01 -5.310525894165039062e-01 -5.191435813903808594e-01 -5.077767372131347656e-01 -4.969191551208496094e-01 -4.865393638610839844e-01 -4.766092300415039062e-01 -4.671044349670410156e-01 -4.580011367797851562e-01 -4.492816925048828125e-01 -4.409294128417968750e-01 -4.329276084899902344e-01 -4.252638816833496094e-01 -4.179272651672363281e-01 -4.109063148498535156e-01 -4.041914939880371094e-01 -3.977746963500976562e-01 -3.916490077972412109e-01 -3.858084678649902344e-01 -3.802483081817626953e-01 -3.749649524688720703e-01 -3.699560165405273438e-01 -3.652195930480957031e-01 -3.607552051544189453e-01 -3.565630912780761719e-01 -3.526439666748046875e-01 -3.489997386932373047e-01 -3.456318378448486328e-01 -3.425426483154296875e-01 -3.397352695465087891e-01 -3.372123241424560547e-01 -3.349769115447998047e-01 -3.330321311950683594e-01 -3.313807249069213867e-01 -3.300255537033081055e-01 -3.289690017700195312e-01 -3.282127380371093750e-01 -3.277584314346313477e-01 -1.638034582138061523e-01
-1.000000000000000000e+00 -9.632387161254882812e-01 -9.379186630249023438e-01 -9.117841720581054688e-01 -8.850469589233398438e-01 -8.580770492553710938e-01 -8.312807083129882812e-01 -8.050355911254882812e-01 -7.796497344970703125e-01 -7.553281784057617188e-01 -7.321786880493164062e-01 -7.102298736572265625e-01 -6.894531250000000000e-01 -6.697864532470703125e-01 -6.511535644531250000e-01 -6.334781646728515625e-01 -6.166896820068359375e-01 -6.007251739501953125e-01 -5.855312347412109375e-01 -5.710639953613281250e-01 -5.572834014892578125e-01 -5.441508293151855469e-01 -5.316300392150878906e-01 -5.196871757507324219e-01 -5.082879066467285156e-01 -4.973998069763183594e-01 -4.869918823242187500e-01 -4.770364761352539062e-01 -4.675092697143554688e-01 -4.583873748779296875e-01 -4.496507644653320312e-01 -4.412822723388671875e-01 -4.332671165466308594e-01 -4.255919456481933594e-01 -4.182443618774414062e-01 -4.112133979797363281e-01 -4.044904708862304688e-01 -3.980669975280761719e-01 -3.919353485107421875e-01 -3.860900402069091797e-01 -3.805263042449951172e-01 -3.752400875091552734e-01 -3.702292442321777344e-01 -3.654923439025878906e-01 -3.610281944274902344e-01 -3.568370342254638672e-01 -3.529193401336669922e-01 -3.492765426635742188e-01 -3.459107875823974609e-01 -3.428244590759277344e-01 -3.400199413299560547e-01 -3.374998569488525391e-01 -3.352674245834350586e-01 -3.333253860473632812e-01 -3.316766023635864258e-01 -3.303237557411193848e-01 -3.292689323425292969e-01 -3.285140991210937500e-01 -3.280606269836425781e-01 -1.639546751976013184e-01
-1.000000000000000000e+00 -9.632387161254882812e-01 -9.379186630249023438e-01 -9.117841720581054688e-01 -8.850469589233398438e-01 -8.580770492553710938e-01 -8.312807083129882812e-01 -8.050355911254882812e-01 -7.796497344970703125e-01 -7.553281784057617188e-01 -7.321786880493164062e-01 -7.102298736572265625e-01 -6.894531250000000000e-01 -6.697864532470703125e-01 -6.511535644531250000e-01 -6.334781646728515625e-01 -6.166896820068359375e-01 -6.007251739501953125e-01 -5.855312347412109375e-01 -5.710639953613281250e-01 -5.572834014892578125e-01 -5.441508293151855469e-01 -5.316300392150878906e-01 -5.196871757507324219e-01 -5.082879066467285156e-01 -4.973998069763183594e-01 -4.869918823242187500e-01 -4.770364761352539062e-01 -4.675092697143554688e-01 -4.583873748779296875e-01 -4.496507644653320312e-01 -4.412822723388671875e-01 -4.332671165466308594e-01 -4.255919456481933594e-01 -4.182443618774414062e-01 -4.112133979797363281e-01 -4.044904708862304688e-01 -3.980669975280761719e-01 -3.919353485107421875e-01 -3.860900402069091797e-01 -3.805263042449951172e-01 -3.752400875091552734e-01 -3.702292442321777344e-01 -3.654923439025878906e-01 -3.610281944274902344e-01 -3.568370342254638672e-01 -3.529193401336669922e-01 -3.492765426635742188e-01 -3.459107875823974609e-01 -3.428244590759277344e-01 -3.400199413299560547e-01 -3.374998569488525391e-01 -3.352674245834350586e-01 -3.333253860473632812e-01 -3.316766023635864258e-01 -3.303237557411193848e-01 -3.292689323425292969e-01 -3.285140991210937500e-01 -3.280606269836425781e-01 -1.639546751976013184e-01
-1.000000000000000000e+00 -9.639558792114257812e-01 -9.387321472167968750e-01 -9.123868942260742188e-01 -8.852806091308593750e-01 -8.579025268554687500e-01 -8.307285308837890625e-01 -8.041791915893554688e-01 -7.785844802856445312e-01 -7.541542053222656250e-01 -7.309780120849609375e-01 -7.090587615966796875e-01 -6.883440017700195312e-01 -6.687517166137695312e-01 -6.501960754394531250e-01 -6.325922012329101562e-01 -6.158647537231445312e-01 -5.999536514282226562e-01 -5.848054885864257812e-01 -5.703783035278320312e-01 -5.566349029541015625e-01 -5.435380935668945312e-01 -5.310525894165039062e-01 -5.191435813903808594e-01 -5.077767372131347656e-01 -4.969191551208496094e-01 -4.865393638610839844e-01 -4.766092300415039062e-01 -4.671044349670410156e-01 -4.580011367797851562e-01 -4.492816925048828125e-01 -4.409294128417968750e-01 -4.329276084899902344e-01 -4.252638816833496094e-01 -4.179272651672363281e-01 -4.109063148498535156e-01 -4.041914939880371094e-01 -3.977746963500976562e-01 -3.916490077972412109e-01 -3.858084678649902344e-01 -3.802483081817626953e-01 -3.749649524688720703e-01 -3.699560165405273438e-01 -3.652195930480957031e-01 -3.607552051544189453e-01 -3.565630912780761719e-01 -3.526439666748046875e-01 -3.489997386932373047e-01 -3.456318378448486328e-01 -3.425426483154296875e-01 -3.397352695465087891e-01 -3.372123241424560547e-01 -3.349769115447998047e-01 -3.330321311950683594e-01 -3.313807249069213867e-01 -3.300255537033081055e-01 -3.289690017700195312e-01 -3.282127380371093750e-01 -3.277584314346313477e-01 -1.638034582138061523e-01
-1.000000000000000000e+00 -9.657239913940429688e-01 -9.406700134277343750e-01 -9.137487411499023438e-01 -8.857860565185546875e-01 -8.575258255004882812e-01 -8.295497894287109375e-01 -8.023672103881835938e-01 -7.763566970825195312e-01 -7.517261505126953125e-01 -7.285213470458984375e-01 -7.066831588745117188e-01 -6.861095428466796875e-01 -6.666822433471679688e-01 -6.482868194580078125e-01 -6.308279037475585938e-01 -6.142263412475585938e-01 -5.984182357788085938e-01 -5.833587646484375000e-01 -5.690097808837890625e-01 -5.553388595581054688e-01 -5.423140525817871094e-01 -5.298981666564941406e-01 -5.180578231811523438e-01 -5.067572593688964844e-01 -4.959607124328613281e-01 -4.856367111206054688e-01 -4.757571220397949219e-01 -4.662961959838867188e-01 -4.572324752807617188e-01 -4.485473632812500000e-01 -4.402241706848144531e-01 -4.322495460510253906e-01 -4.246101379394531250e-01 -4.172945022583007812e-01 -4.102926254272460938e-01 -4.035940170288085938e-01 -3.971910476684570312e-01 -3.910777568817138672e-01 -3.852467536926269531e-01 -3.796935081481933594e-01 -3.744153976440429688e-01 -3.694095611572265625e-01 -3.646745681762695312e-01 -3.602101802825927734e-01 -3.560163974761962891e-01 -3.520944118499755859e-01 -3.484463691711425781e-01 -3.450736999511718750e-01 -3.419792652130126953e-01 -3.391661643981933594e-01 -3.366371393203735352e-01 -3.343958854675292969e-01 -3.324453830718994141e-01 -3.307887315750122070e-01 -3.294289708137512207e-01 -3.283685445785522461e-01 -3.276094794273376465e-01 -3.271534442901611328e-01 -1.635006666183471680e-01
-1.000000000000000000e+00 -9.694280624389648438e-01 -9.444723129272460938e-01 -9.161500930786132812e-01 -8.865919113159179688e-01 -8.568649291992187500e-01 -8.275766372680664062e-01 -7.993822097778320312e-01 -7.727508544921875000e-01 -7.478733062744140625e-01 -7.246942520141601562e-01 -7.030439376831054688e-01 -6.827306747436523438e-01 -6.635789871215820312e-01 -6.454429626464843750e-01 -6.282081604003906250e-01 -6.117906570434570312e-01 -5.961341857910156250e-01 -5.812015533447265625e-01 -5.669641494750976562e-01 -5.533990859985351562e-01 -5.404782295227050781e-01 -5.281686782836914062e-01 -5.164332389831542969e-01 -5.052323341369628906e-01 -4.945292472839355469e-01 -4.842905998229980469e-01 -4.744863510131835938e-01 -4.650912284851074219e-01 -4.560847282409667969e-01 -4.474501609802246094e-01 -4.391717910766601562e-01 -4.312362670898437500e-01 -4.236321449279785156e-01 -4.163484573364257812e-01 -4.093747138977050781e-01 -4.027009010314941406e-01 -3.963193893432617188e-01 -3.902232646942138672e-01 -3.844065666198730469e-01 -3.788642883300781250e-01 -3.735935688018798828e-01 -3.685922622680664062e-01 -3.638589382171630859e-01 -3.593940734863281250e-01 -3.551979064941406250e-01 -3.512716293334960938e-01 -3.476171493530273438e-01 -3.442373275756835938e-01 -3.411347866058349609e-01 -3.383125066757202148e-01 -3.357745409011840820e-01 -3.335241079330444336e-01 -3.315646648406982422e-01 -3.298999071121215820e-01 -3.285329937934875488e-01 -3.274666666984558105e-01 -3.267032504081726074e-01 -3.262445330619812012e-01 -1.630457639694213867e-01
-1.000000000000000000e+00 -9.771471023559570312e-01 -9.516429901123046875e-01 -9.197883605957031250e-01 -8.875656127929687500e-01 -8.557643890380859375e-01 -8.245096206665039062e-01 -7.948350906372070312e-01 -7.673892974853515625e-01 -7.423210144042968750e-01 -7.193422317504882812e-01 -6.980667114257812500e-01 -6.781892776489257812e-01 -6.594610214233398438e-01 -6.416969299316406250e-01 -6.247701644897460938e-01 -6.085958480834960938e-01 -5.931282043457031250e-01 -5.783462524414062500e-01 -5.642452239990234375e-01 -5.508146286010742188e-01 -5.380325317382812500e-01 -5.258669853210449219e-01 -5.142736434936523438e-01 -5.032095909118652344e-01 -4.926338195800781250e-01 -4.825091361999511719e-01 -4.728055000305175781e-01 -4.634976387023925781e-01 -4.545664787292480469e-01 -4.459967613220214844e-01 -4.377756118774414062e-01 -4.298915863037109375e-01 -4.223341941833496094e-01 -4.150924682617187500e-01 -4.081559181213378906e-01 -4.015154838562011719e-01 -3.951625823974609375e-01 -3.890900611877441406e-01 -3.832917213439941406e-01 -3.777635097503662109e-01 -3.725023269653320312e-01 -3.675067424774169922e-01 -3.627755641937255859e-01 -3.583092689514160156e-01 -3.541092872619628906e-01 -3.501765727996826172e-01 -3.465135097503662109e-01 -3.431236743927001953e-01 -3.400098085403442383e-01 -3.371752500534057617e-01 -3.346242904663085938e-01 -3.323609828948974609e-01 -3.303893804550170898e-01 -3.287132978439331055e-01 -3.273363709449768066e-01 -3.262619376182556152e-01 -3.254924416542053223e-01 -3.250299096107482910e-01 -1.624377965927124023e-01
-1.000000000000000000e+00 -9.939498901367187500e-01 -9.651651382446289062e-01 -9.237966537475585938e-01 -8.881168365478515625e-01 -8.541164398193359375e-01 -8.198642730712890625e-01 -7.880592346191406250e-01 -7.596502304077148438e-01 -7.346782684326171875e-01 -7.122859954833984375e-01 -6.916933059692382812e-01 -6.724967956542968750e-01 -6.543798446655273438e-01 -6.371145248413085938e-01 -6.205778121948242188e-01 -6.046953201293945312e-01 -5.894346237182617188e-01 -5.748109817504882812e-01 -5.608558654785156250e-01 -5.475816726684570312e-01 -5.349726676940917969e-01 -5.229902267456054688e-01 -5.115838050842285156e-01 -5.006990432739257812e-01 -4.902873039245605469e-01 -4.803080558776855469e-01 -4.707293510437011719e-01 -4.615273475646972656e-01 -4.526858329772949219e-01 -4.441943168640136719e-01 -4.360423088073730469e-01 -4.282207489013671875e-01 -4.207205772399902344e-01 -4.135308265686035156e-01 -4.066419601440429688e-01 -4.000430107116699219e-01 -3.937253952026367188e-01 -3.876819610595703125e-01 -3.819065093994140625e-01 -3.763957023620605469e-01 -3.711459636688232422e-01 -3.661563396453857422e-01 -3.614270687103271484e-01 -3.569588661193847656e-01 -3.527529239654541016e-01 -3.488113880157470703e-01 -3.451375961303710938e-01 -3.417341709136962891e-01 -3.386048078536987305e-01 -3.357542753219604492e-01 -3.331866264343261719e-01 -3.309063911437988281e-01 -3.289184570312500000e-01 -3.272274732589721680e-01 -3.258374333381652832e-01 -3.247520327568054199e-01 -3.239745497703552246e-01 -3.235071301460266113e-01 -1.616755723953247070e-01
-1.000000000000000000e+00 -1.033169746398925781e+00 -9.912710189819335938e-01 -9.221134185791015625e-01 -8.869895935058593750e-01 -8.527221679687500000e-01 -8.127698898315429688e-01 -7.778863906860351562e-01 -7.484760284423828125e-01 -7.244567871093750000e-01 -7.034301757812500000e-01 -6.839227676391601562e-01 -6.657238006591796875e-01 -6.484479904174804688e-01 -6.318025588989257812e-01 -6.157321929931640625e-01 -6.001720428466796875e-01 -5.851039886474609375e-01 -5.706100463867187500e-01 -5.567855834960937500e-01 -5.436816215515136719e-01 -5.312852859497070312e-01 -5.195388793945312500e-01 -5.083723068237304688e-01 -4.977154731750488281e-01 -4.875087738037109375e-01 -4.777059555053710938e-01 -4.682750701904296875e-01 -4.591960906982421875e-01 -4.504570960998535156e-01 -4.420523643493652344e-01 -4.339785575866699219e-01 -4.262290000915527344e-01 -4.187955856323242188e-01 -4.116692543029785156e-01 -4.048371315002441406e-01 -3.982882499694824219e-01 -3.920140266418457031e-01 -3.860061168670654297e-01 -3.802580833435058594e-01 -3.747663497924804688e-01 -3.695290088653564453e-01 -3.645460605621337891e-01 -3.598177433013916016e-01 -3.553457260131835938e-01 -3.511319160461425781e-01 -3.471791744232177734e-01 -3.434908390045166016e-01 -3.400702476501464844e-01 -3.369216918945312500e-01 -3.340501785278320312e-01 -3.314611911773681641e-01 -3.291594982147216797e-01 -3.271508216857910156e-01 -3.254406452178955078e-01 -3.240337371826171875e-01 -3.229345083236694336e-01 -3.221465945243835449e-01 -3.216727972030639648e-01 -1.607573628425598145e-01
-1.000000000000000000e+00 -1.133386611938476562e+00 -1.044637680053710938e+00 -8.863973617553710938e-01 -8.850049972534179688e-01 -8.570137023925781250e-01 -8.006057739257812500e-01 -7.622394561767578125e-01 -7.319107055664062500e-01 -7.112417221069335938e-01 -6.930551528930664062e-01 -6.748456954956054688e-01 -6.580295562744140625e-01 -6.418828964233398438e-01 -6.259155273437500000e-01 -6.103773117065429688e-01 -5.951566696166992188e-01 -5.802021026611328125e-01 -5.657367706298828125e-01 -5.519933700561523438e-01 -5.390753746032714844e-01 -5.269470214843750000e-01 -5.155081748962402344e-01 -5.046510696411132812e-01 -4.942817687988281250e-01 -4.843263626098632812e-01 -4.747328758239746094e-01 -4.654698371887207031e-01 -4.565238952636718750e-01 -4.478926658630371094e-01 -4.395804405212402344e-01 -4.315900802612304688e-01 -4.239206314086914062e-01 -4.165654182434082031e-01 -4.095120429992675781e-01 -4.027481079101562500e-01 -3.962607383728027344e-01 -3.900370597839355469e-01 -3.840696811676025391e-01 -3.783526420593261719e-01 -3.728821277618408203e-01 -3.676581382751464844e-01 -3.626809120178222656e-01 -3.579523563385009766e-01 -3.534743785858154297e-01 -3.492500782012939453e-01 -3.452827930450439453e-01 -3.415760993957519531e-01 -3.381340503692626953e-01 -3.349615335464477539e-01 -3.320642709732055664e-01 -3.294481039047241211e-01 -3.271194696426391602e-01 -3.250848054885864258e-01 -3.233504295349121094e-01 -3.219223022460937500e-01 -3.208056092262268066e-01 -3.200047016143798828e-01 -3.195227980613708496e-01 -1.596809625625610352e-01
nan nan -2.854881286621093750e-01 -6.938343048095703125e-01 -9.096174240112304688e-01 -8.897218704223632812e-01 -7.704000473022460938e-01 -7.385549545288085938e-01 -7.056865692138671875e-01 -6.955461502075195312e-01 -6.827001571655273438e-01 -6.643743515014648438e-01 -6.496677398681640625e-01 -6.351385116577148438e-01 -6.195983886718750000e-01 -6.047058105468750000e-01 -5.898752212524414062e-01 -5.748071670532226562e-01 -5.601444244384765625e-01 -5.463762283325195312e-01 -5.336785316467285156e-01 -5.219211578369140625e-01 -5.108952522277832031e-01 -5.004420280456542969e-01 -4.904346466064453125e-01 -4.807806015014648438e-01 -4.714274406433105469e-01 -4.623484611511230469e-01 -4.535379409790039062e-01 -4.450097084045410156e-01 -4.367856979370117188e-01 -4.288811683654785156e-01 -4.212989807128906250e-01 -4.140319824218750000e-01 -4.070658683776855469e-01 -4.003834724426269531e-01 -3.939676284790039062e-01 -3.878045082092285156e-01 -3.818836212158203125e-01 -3.761999607086181641e-01 -3.707520961761474609e-01 -3.655405044555664062e-01 -3.605673313140869141e-01 -3.558356761932373047e-01 -3.513493537902832031e-01 -3.471114635467529297e-01 -3.431258201599121094e-01 -3.393964767456054688e-01 -3.359282016754150391e-01 -3.327262401580810547e-01 -3.297970294952392578e-01 -3.271476030349731445e-01 -3.247854709625244141e-01 -3.227185010910034180e-01 -3.209540843963623047e-01 -3.194994926452636719e-01 -3.183609247207641602e-01 -3.175436854362487793e-01 -3.170517683029174805e-01 -1.584437489509582520e-01
nan nan nan nan nan -2.602920532226562500e-01 -6.527175903320312500e-01 -7.158927917480468750e-01 -6.567363739013671875e-01 -6.825561523437500000e-01 -6.778259277343750000e-01 -6.502828598022460938e-01 -6.411275863647460938e-01 -6.294050216674804688e-01 -6.126346588134765625e-01 -5.989732742309570312e-01 -5.848293304443359375e-01 -5.690088272094726562e-01 -5.536556243896484375e-01 -5.396881103515625000e-01 -5.273427963256835938e-01 -5.161628723144531250e-01 -5.057101249694824219e-01 -4.957871437072753906e-01 -4.862332344055175781e-01 -4.769353866577148438e-01 -4.678497314453125000e-01 -4.589571952819824219e-01 -4.502677917480468750e-01 -4.418239593505859375e-01 -4.336729049682617188e-01 -4.258484840393066406e-01 -4.183611869812011719e-01 -4.111981391906738281e-01 -4.043369293212890625e-01 -3.977527618408203125e-01 -3.914222717285156250e-01 -3.853282928466796875e-01 -3.794596195220947266e-01 -3.738121986389160156e-01 -3.683860301971435547e-01 -3.631839752197265625e-01 -3.582117557525634766e-01 -3.534741401672363281e-01 -3.489756584167480469e-01 -3.447206020355224609e-01 -3.407127857208251953e-01 -3.369562625885009766e-01 -3.334558010101318359e-01 -3.302180767059326172e-01 -3.272501230239868164e-01 -3.245598077774047852e-01 -3.221565485000610352e-01 -3.200495243072509766e-01 -3.182479143142700195e-01 -3.167605400085449219e-01 -3.155948519706726074e-01 -3.147574663162231445e-01 -3.142530322074890137e-01 -1.570422649383544922e-01
nan nan nan nan nan nan nan -2.115688323974609375e-01 -5.228071212768554688e-01 -7.001171112060546875e-01 -6.957664489746093750e-01 -6.178007125854492188e-01 -6.351556777954101562e-01 -6.287202835083007812e-01 -6.025600433349609375e-01 -5.937232971191406250e-01 -5.814619064331054688e-01 -5.627422332763671875e-01 -5.457811355590820312e-01 -5.313796997070312500e-01 -5.198402404785156250e-01 -5.096764564514160156e-01 -4.999957084655761719e-01 -4.907636642456054688e-01 -4.817757606506347656e-01 -4.728784561157226562e-01 -4.640774726867675781e-01 -4.553623199462890625e-01 -4.467544555664062500e-01 -4.383440017700195312e-01 -4.302320480346679688e-01 -4.224805831909179688e-01 -4.150991439819335938e-01 -4.080619812011718750e-01 -4.013309478759765625e-01 -3.948674201965332031e-01 -3.886399269104003906e-01 -3.826270103454589844e-01 -3.768155574798583984e-01 -3.712034225463867188e-01 -3.657951354980468750e-01 -3.605983257293701172e-01 -3.556218147277832031e-01 -3.508732318878173828e-01 -3.463587760925292969e-01 -3.420825004577636719e-01 -3.380479812622070312e-01 -3.342592716217041016e-01 -3.307213783264160156e-01 -3.274405002593994141e-01 -3.244251012802124023e-01 -3.216850757598876953e-01 -3.192313909530639648e-01 -3.170751333236694336e-01 -3.152276277542114258e-01 -3.136996626853942871e-01 -3.125005364418029785e-01 -3.116382360458374023e-01 -3.111184239387512207e-01 -1.554723381996154785e-01
nan nan nan nan nan nan nan nan nan nan -1.992216110229492188e-01 -4.899978637695312500e-01 -6.529722213745117188e-01 -6.477632522583007812e-01 -5.751628875732421875e-01 -5.918941497802734375e-01 -5.845527648925781250e-01 -5.547189712524414062e-01 -5.353479385375976562e-01 -5.202083587646484375e-01 -5.109615325927734375e-01 -5.027074813842773438e-01 -4.938321113586425781e-01 -4.854955673217773438e-01 -4.772281646728515625e-01 -4.687252044677734375e-01 -4.602198600769042969e-01 -4.516611099243164062e-01 -4.430427551269531250e-01 -4.345650672912597656e-01 -4.264307022094726562e-01 -4.187431335449218750e-01 -4.114928245544433594e-01 -4.046196937561035156e-01 -3.980574607849121094e-01 -3.917465209960937500e-01 -3.856439590454101562e-01 -3.797230720520019531e-01 -3.739714622497558594e-01 -3.683912754058837891e-01 -3.629930019378662109e-01 -3.577921390533447266e-01 -3.528034687042236328e-01 -3.480384349822998047e-01 -3.435037136077880859e-01 -3.392026424407958984e-01 -3.351378440856933594e-01 -3.313119411468505859e-01 -3.277292251586914062e-01 -3.243970870971679688e-01 -3.213249444961547852e-01 -3.185242414474487305e-01 -3.160086870193481445e-01 -3.137918710708618164e-01 -3.118878602981567383e-01 -3.103099465370178223e-01 -3.090696334838867188e-01 -3.081764578819274902e-01 -3.076375722885131836e-01 -1.537287235260009766e-01
nan nan nan nan nan nan nan nan nan nan nan nan nan -1.860008239746093750e-01 -4.584350585937500000e-01 -6.141395568847656250e-01 -6.101350784301757812e-01 -5.362319946289062500e-01 -5.206832885742187500e-01 -5.031437873840332031e-01 -5.010905265808105469e-01 -4.963603019714355469e-01 -4.871301651000976562e-01 -4.801583290100097656e-01 -4.729156494140625000e-01 -4.645729064941406250e-01 -4.564156532287597656e-01 -4.480204582214355469e-01 -4.391899108886718750e-01 -4.304432868957519531e-01 -4.221835136413574219e-01 -4.145669937133789062e-01 -4.075098037719726562e-01 -4.008674621582031250e-01 -3.945312500000000000e-01 -3.884172439575195312e-01 -3.824667930603027344e-01 -3.766496181488037109e-01 -3.709566593170166016e-01 -3.653969764709472656e-01 -3.599932193756103516e-01 -3.547735214233398438e-01 -3.497619628906250000e-01 -3.449735641479492188e-01 -3.404147624969482422e-01 -3.360865116119384766e-01 -3.319885730743408203e-01 -3.281209468841552734e-01 -3.244869709014892578e-01 -3.210939168930053711e-01 -3.179531097412109375e-01 -3.150786161422729492e-01 -3.124868869781494141e-01 -3.101956844329833984e-01 -3.082221746444702148e-01 -3.065826296806335449e-01 -3.052914142608642578e-01 -3.043603301048278809e-01 -3.037980794906616211e-01 -1.518050432205200195e-01
nan nan nan nan nan nan nan nan nan nan nan nan nan nan nan nan -1.819553375244140625e-01 -4.593906402587890625e-01 -5.080118179321289062e-01 -4.705915451049804688e-01 -4.938945770263671875e-01 -4.945135116577148438e-01 -4.781708717346191406e-01 -4.750914573669433594e-01 -4.697031974792480469e-01 -4.602355957031250000e-01 -4.528493881225585938e-01 -4.448151588439941406e-01 -4.352521896362304688e-01 -4.258351325988769531e-01 -4.172940254211425781e-01 -4.098310470581054688e-01 -4.031109809875488281e-01 -3.968086242675781250e-01 -3.907842636108398438e-01 -3.849253654479980469e-01 -3.791556358337402344e-01 -3.734509944915771484e-01 -3.678085803985595703e-01 -3.622469902038574219e-01 -3.568096160888671875e-01 -3.515470027923583984e-01 -3.464968204498291016e-01 -3.416786193847656250e-01 -3.370952606201171875e-01 -3.327407836914062500e-01 -3.286089897155761719e-01 -3.246960639953613281e-01 -3.210034370422363281e-01 -3.175388574600219727e-01 -3.143149614334106445e-01 -3.113499879837036133e-01 -3.086649179458618164e-01 -3.062816858291625977e-01 -3.042223453521728516e-01 -3.025070428848266602e-01 -3.011533021926879883e-01 -3.001754283905029297e-01 -2.995842695236206055e-01 -1.496932506561279297e-01
nan nan nan nan nan nan nan nan nan nan nan nan nan nan nan nan nan nan -1.519732475280761719e-01 -3.773164749145507812e-01 -5.093836784362792969e-01 -5.096273422241210938e-01 -4.559488296508789062e-01 -4.723339080810546875e-01 -4.705700874328613281e-01 -4.538173675537109375e-01 -4.499316215515136719e-01 -4.431371688842773438e-01 -4.311685562133789062e-01 -4.203515052795410156e-01 -4.113254547119140625e-01 -4.043531417846679688e-01 -3.982949256896972656e-01 -3.924708366394042969e-01 -3.868708610534667969e-01 -3.813443183898925781e-01 -3.757796287536621094e-01 -3.701913356781005859e-01 -3.645799160003662109e-01 -3.589723110198974609e-01 -3.534512519836425781e-01 -3.481073379516601562e-01 -3.430006504058837891e-01 -3.381495475769042969e-01 -3.335459232330322266e-01 -3.291721343994140625e-01 -3.250105381011962891e-01 -3.210511207580566406e-01 -3.172924518585205078e-01 -3.137426376342773438e-01 -3.104180097579956055e-01 -3.073415756225585938e-01 -3.045408725738525391e-01 -3.020440340042114258e-01 -2.998787164688110352e-01 -2.980698347091674805e-01 -2.966389656066894531e-01 -2.956037521362304688e-01 -2.949771881103515625e-01 -1.473836898803710938e-01
nan nan nan nan nan nan nan nan nan nan nan nan nan nan nan nan nan nan nan nan nan -1.473121643066406250e-01 -3.636622428894042969e-01 -4.877252578735351562e-01 -4.864263534545898438e-01 -4.345312118530273438e-01 -4.499220848083496094e-01 -4.466342926025390625e-01 -4.259347915649414062e-01 -4.130754470825195312e-01 -4.033036231994628906e-01 -3.979611396789550781e-01 -3.932437896728515625e-01 -3.879098892211914062e-01 -3.828845024108886719e-01 -3.778018951416015625e-01 -3.724267482757568359e-01 -3.669533729553222656e-01 -3.613476753234863281e-01 -3.556118011474609375e-01 -3.499157428741455078e-01 -3.444304466247558594e-01 -3.392481803894042969e-01 -3.343729972839355469e-01 -3.297677040100097656e-01 -3.253908157348632812e-01 -3.212099075317382812e-01 -3.172054290771484375e-01 -3.133726119995117188e-01 -3.097211122512817383e-01 -3.062725067138671875e-01 -3.030577898025512695e-01 -3.001127243041992188e-01 -2.974747419357299805e-01 -2.951786518096923828e-01 -2.932546734809875488e-01 -2.917291522026062012e-01 -2.906234264373779297e-01 -2.899532914161682129e-01 -1.448643803596496582e-01
nan nan nan nan nan nan nan nan nan nan nan nan nan nan nan nan nan nan nan nan nan nan nan nan -1.407523155212402344e-01 -3.479585647583007812e-01 -4.685921669006347656e-01 -4.675436019897460938e-01 -4.128594398498535156e-01 -4.027118682861328125e-01 -3.908519744873046875e-01 -3.909454345703125000e-01 -3.888087272644042969e-01 -3.830399513244628906e-01 -3.789563179016113281e-01 -3.745503425598144531e-01 -3.691725730895996094e-01 -3.638491630554199219e-01 -3.582453727722167969e-01 -3.522109985351562500e-01 -3.461692333221435547e-01 -3.404505252838134766e-01 -3.351888656616210938e-01 -3.303270339965820312e-01 -3.257601261138916016e-01 -3.214135169982910156e-01 -3.172333240509033203e-01 -3.131878376007080078e-01 -3.092714548110961914e-01 -3.054969310760498047e-01 -3.018934726715087891e-01 -2.985037565231323242e-01 -2.953776121139526367e-01 -2.925640344619750977e-01 -2.901061773300170898e-01 -2.880409359931945801e-01 -2.863995432853698730e-01 -2.852074503898620605e-01 -2.844838500022888184e-01 -1.421205997467041016e-01
nan nan nan nan nan nan nan nan nan nan nan nan nan nan nan nan nan nan nan nan nan nan nan nan nan nan nan -1.403512954711914062e-01 -3.552474975585937500e-01 -3.940610885620117188e-01 -3.664474487304687500e-01 -3.861584663391113281e-01 -3.880066871643066406e-01 -3.764863014221191406e-01 -3.753495216369628906e-01 -3.722710609436035156e-01 -3.658635616302490234e-01 -3.610243797302246094e-01 -3.555741310119628906e-01 -3.488171100616455078e-01 -3.421001434326171875e-01 -3.360137939453125000e-01 -3.307292461395263672e-01 -3.259859085083007812e-01 -3.215329647064208984e-01 -3.172702789306640625e-01 -3.131215572357177734e-01 -3.090410232543945312e-01 -3.050282001495361328e-01 -3.011018037796020508e-01 -2.973004579544067383e-01 -2.936863899230957031e-01 -2.903302907943725586e-01 -2.872972488403320312e-01 -2.846407890319824219e-01 -2.824035882949829102e-01 -2.806209325790405273e-01 -2.793228626251220703e-01 -2.785333395004272461e-01 -1.391341686248779297e-01
nan nan nan nan nan nan nan nan nan nan nan nan nan nan nan nan nan nan nan nan nan nan nan nan nan nan nan nan nan -1.184706687927246094e-01 -2.947177886962890625e-01 -3.992352485656738281e-01 -4.005727767944335938e-01 -3.595471382141113281e-01 -3.736858367919921875e-01 -3.733205795288085938e-01 -3.609859943389892578e-01 -3.588113784790039062e-01 -3.542098999023437500e-01 -3.453836441040039062e-01 -3.373994827270507812e-01 -3.307757377624511719e-01 -3.257288932800292969e-01 -3.213539123535156250e-01 -3.171150684356689453e-01 -3.130133152008056641e-01 -3.089416027069091797e-01 -3.048267364501953125e-01 -3.006988763809204102e-01 -2.965812683105468750e-01 -2.925204038619995117e-01 -2.886109352111816406e-01 -2.849594354629516602e-01 -2.816541194915771484e-01 -2.787564992904663086e-01 -2.763115167617797852e-01 -2.743575572967529297e-01 -2.729296684265136719e-01 -2.720584869384765625e-01 -1.358827352523803711e-01
nan nan nan nan nan nan nan nan nan nan nan nan nan nan nan nan nan nan nan nan nan nan nan nan nan nan nan nan nan nan nan nan -1.162571907043457031e-01 -2.874436378479003906e-01 -3.865261077880859375e-01 -3.863389492034912109e-01 -3.459484577178955078e-01 -3.590250015258789062e-01 -3.570697307586669922e-01 -3.411087989807128906e-01 -3.313386440277099609e-01 -3.239598274230957031e-01 -3.200566768646240234e-01 -3.165864944458007812e-01 -3.125600814819335938e-01 -3.087258338928222656e-01 -3.048050403594970703e-01 -3.006255626678466797e-01 -2.963591814041137695e-01 -2.920039892196655273e-01 -2.875888347625732422e-01 -2.832777500152587891e-01 -2.792426347732543945e-01 -2.756029367446899414e-01 -2.724195718765258789e-01 -2.697286605834960938e-01 -2.675679326057434082e-01 -2.659797668457031250e-01 -2.650054097175598145e-01 -1.323382854461669922e-01
nan nan nan nan nan nan nan nan nan nan nan nan nan nan nan nan nan nan nan nan nan nan nan nan nan nan nan nan nan nan nan nan nan nan nan -1.121108531951904297e-01 -2.774434089660644531e-01 -3.742709159851074219e-01 -3.739352226257324219e-01 -3.306427001953125000e-01 -3.228864669799804688e-01 -3.136684894561767578e-01 -3.139517307281494141e-01 -3.123753070831298828e-01 -3.078126907348632812e-01 -3.045251369476318359e-01 -3.009271621704101562e-01 -2.965105772018432617e-01 -2.921086549758911133e-01 -2.874869108200073242e-01 -2.825530767440795898e-01 -2.776684761047363281e-01 -2.731301784515380859e-01 -2.690956592559814453e-01 -2.655901908874511719e-01 -2.626155018806457520e-01 -2.602060437202453613e-01 -2.584159970283508301e-01 -2.573067545890808105e-01 -1.284650564193725586e-01
nan nan nan nan nan nan nan nan nan nan nan nan nan nan nan nan nan nan nan nan nan nan nan nan nan nan nan nan nan nan nan nan nan nan nan nan nan nan -1.124093532562255859e-01 -2.846407890319824219e-01 -3.158960342407226562e-01 -2.938761711120605469e-01 -3.097066879272460938e-01 -3.111498355865478516e-01 -3.017899990081787109e-01 -3.006348609924316406e-01 -2.978682518005371094e-01 -2.923811674118041992e-01 -2.880777120590209961e-01 -2.832815647125244141e-01 -2.774682044982910156e-01 -2.717131376266479492e-01 -2.665141820907592773e-01 -2.620589733123779297e-01 -2.582300901412963867e-01 -2.549372911453247070e-01 -2.522245049476623535e-01 -2.501714825630187988e-01 -2.488754391670227051e-01 -1.242151856422424316e-01
nan nan nan nan nan nan nan nan nan nan nan nan nan nan nan nan nan nan nan nan nan nan nan nan nan nan nan nan nan nan nan nan nan nan nan nan nan nan nan nan -9.497427940368652344e-02 -2.362329959869384766e-01 -3.198490142822265625e-01 -3.207275867462158203e-01 -2.875630855560302734e-01 -2.983558177947998047e-01 -2.975292205810546875e-01 -2.870683670043945312e-01 -2.845399379730224609e-01 -2.800935506820678711e-01 -2.723248004913330078e-01 -2.652014493942260742e-01 -2.591546773910522461e-01 -2.543960809707641602e-01 -2.503337264060974121e-01 -2.466790080070495605e-01 -2.435833215713500977e-01 -2.411699891090393066e-01 -2.395930886268615723e-01 -1.195203065872192383e-01
nan nan nan nan nan nan nan nan nan nan nan nan nan nan nan nan nan nan nan nan nan nan nan nan nan nan nan nan nan nan nan nan nan nan nan nan nan nan nan nan nan nan nan -9.287929534912109375e-02 -2.293794155120849609e-01 -3.076956272125244141e-01 -3.068244457244873047e-01 -2.738232612609863281e-01 -2.829202413558959961e-01 -2.802277803421020508e-01 -2.665357589721679688e-01 -2.576131820678710938e-01 -2.505069971084594727e-01 -2.460367679595947266e-01 -2.420299649238586426e-01 -2.378618121147155762e-01 -2.342596650123596191e-01 -2.313320636749267578e-01 -2.292863130569458008e-01 -1.142730116844177246e-01
nan nan nan nan nan nan nan nan nan nan nan nan nan nan nan nan nan nan nan nan nan nan nan nan nan nan nan nan nan nan nan nan nan nan nan nan nan nan nan nan nan nan nan nan nan nan -8.852732181549072266e-02 -2.184801101684570312e-01 -2.930896282196044922e-01 -2.913614511489868164e-01 -2.559775114059448242e-01 -2.482088804244995117e-01 -2.392232418060302734e-01 -2.372139692306518555e-01 -2.338874936103820801e-01 -2.284784913063049316e-01 -2.242613434791564941e-01 -2.206124663352966309e-01 -2.176741361618041992e-01 -1.082853078842163086e-01
nan nan nan nan nan nan nan nan nan nan nan nan nan nan nan nan nan nan nan nan nan nan nan nan nan nan nan nan nan nan nan nan nan nan nan nan nan nan nan nan nan nan nan nan nan nan nan nan nan -8.650708198547363281e-02 -2.178038358688354492e-01 -2.400211095809936523e-01 -2.209631204605102539e-01 -2.297086715698242188e-01 -2.278276681900024414e-01 -2.179032564163208008e-01 -2.136947512626647949e-01 -2.091823220252990723e-01 -2.042271494865417480e-01 -1.011940836906433105e-01
nan nan nan nan nan nan nan nan nan nan nan nan nan nan nan nan nan nan nan nan nan nan nan nan nan nan nan nan nan nan nan nan nan nan nan nan nan nan nan nan nan nan nan nan nan nan nan nan nan nan nan -7.090592384338378906e-02 -1.748995780944824219e-01 -2.328295707702636719e-01 -2.298110723495483398e-01 -2.016123533248901367e-01 -2.034320831298828125e-01 -1.981949210166931152e-01 -1.876639127731323242e-01 -9.226387739181518555e-02
nan nan nan nan nan nan nan nan nan nan nan nan nan nan nan nan nan nan nan nan nan nan nan nan nan nan nan nan nan nan nan nan nan nan nan nan nan nan nan nan nan nan nan nan nan nan nan nan nan nan nan nan nan nan -6.406944990158081055e-02 -1.553027033805847168e-01 -2.002263665199279785e-01 -1.925014853477478027e-01 -1.637058258056640625e-01 -8.019745349884033203e-02
nan nan nan nan nan nan nan nan nan nan nan nan nan nan nan nan nan nan nan nan nan nan nan nan nan nan nan nan nan nan nan nan nan nan nan nan nan nan nan nan nan nan nan nan nan nan nan nan nan nan nan nan nan nan nan nan nan -4.944282770156860352e-02 -1.142629981040954590e-01 -6.482017040252685547e-02
nan nan nan nan nan nan nan nan nan nan nan nan nan nan nan nan nan nan nan nan nan nan nan nan nan nan nan nan nan nan nan nan nan nan nan nan nan nan nan nan nan nan nan nan nan nan nan nan nan nan nan nan nan nan nan nan nan nan nan nan
