nan nan nan nan nan nan nan nan nan nan nan nan nan nan nan nan nan nan nan nan nan nan nan nan nan nan nan nan nan nan nan nan nan nan nan nan nan nan nan nan nan nan nan nan nan nan nan nan nan nan nan nan nan nan nan nan nan nan nan nan
nan nan nan nan nan nan nan nan nan nan nan nan nan nan nan nan nan nan nan nan nan nan nan nan nan nan nan nan nan nan nan nan nan nan nan nan nan nan nan nan nan nan nan nan nan nan nan nan nan nan nan nan nan nan nan nan nan 1.228525996208190918e+00 1.129640340805053711e+00 1.000000000000000000e+00
nan nan nan nan nan nan nan nan nan nan nan nan nan nan nan nan nan nan nan nan nan nan nan nan nan nan nan nan nan nan nan nan nan nan nan nan nan nan nan nan nan nan nan nan nan nan nan nan nan nan nan nan nan nan 1.856003284454345703e+00 1.727864384651184082e+00 1.545397877693176270e+00 1.327411651611328125e+00 1.160394906997680664e+00 1.000000000000000000e+00
nan nan nan nan nan nan nan nan nan nan nan nan nan nan nan nan nan nan nan nan nan nan nan nan nan nan nan nan nan nan nan nan nan nan nan nan nan nan nan nan nan nan nan nan nan nan nan nan nan nan nan 2.591613292694091797e+00 2.449801445007324219e+00 2.241814136505126953e+00 1.984142303466796875e+00 1.782191991806030273e+00 1.580917596817016602e+00 1.375327825546264648e+00 1.184527754783630371e+00 1.000000000000000000e+00
nan nan nan nan nan nan nan nan nan nan nan nan nan nan nan nan nan nan nan nan nan nan nan nan nan nan nan nan nan nan nan nan nan nan nan nan nan nan nan nan nan nan nan nan nan nan nan nan nan 3.169033050537109375e+00 2.996018886566162109e+00 2.733425378799438477e+00 2.515976667404174805e+00 2.291499137878417969e+00 2.056559324264526367e+00 1.835843801498413086e+00 1.620752811431884766e+00 1.408454298973083496e+00 1.202388167381286621e+00 1.000000000000000000e+00
nan nan nan nan nan nan nan nan nan nan nan nan nan nan nan nan nan nan nan nan nan nan nan nan nan nan nan nan nan nan nan nan nan nan nan nan nan nan nan nan nan nan nan nan nan nan 4.105281352996826172e+00 3.928226709365844727e+00 3.668321132659912109e+00 3.342047452926635742e+00 3.085598230361938477e+00 2.830092430114746094e+00 2.589180469512939453e+00 2.351645946502685547e+00 2.114752531051635742e+00 1.883870959281921387e+00 1.657795548439025879e+00 1.435348272323608398e+00 1.216570615768432617e+00 1.000000000000000000e+00
nan nan nan nan nan nan nan nan nan nan nan nan nan nan nan nan nan nan nan nan nan nan nan nan nan nan nan nan nan nan nan nan nan nan nan nan nan nan nan nan nan nan nan 5.083485603332519531e+00 4.897727012634277344e+00 4.624726772308349609e+00 4.282335758209228516e+00 4.011077880859375000e+00 3.734689235687255859e+00 3.445237398147583008e+00 3.174233675003051758e+00 2.912165880203247070e+00 2.659007310867309570e+00 2.411151885986328125e+00 2.166933774948120117e+00 1.927091956138610840e+00 1.691210150718688965e+00 1.458572626113891602e+00 1.228546023368835449e+00 1.000000000000000000e+00
nan nan nan nan nan nan nan nan nan nan nan nan nan nan nan nan nan nan nan nan nan nan nan nan nan nan nan nan nan nan nan nan nan nan nan nan nan nan nan nan 6.098890304565429688e+00 5.908941745758056641e+00 5.626424312591552734e+00 5.269243717193603516e+00 4.984969139099121094e+00 4.694117546081542969e+00 4.388257503509521484e+00 4.099059104919433594e+00 3.814120769500732422e+00 3.529979228973388672e+00 3.253933668136596680e+00 2.985329627990722656e+00 2.723530769348144531e+00 2.467020273208618164e+00 2.214738607406616211e+00 1.966352820396423340e+00 1.721380591392517090e+00 1.479186177253723145e+00 1.239040613174438477e+00 1.000000000000000000e+00
nan nan nan nan nan nan nan nan nan nan nan nan nan nan nan nan nan nan nan nan nan nan nan nan nan nan nan nan nan nan nan nan nan nan nan nan nan nan 6.858120918273925781e+00 6.633302211761474609e+00 6.288839340209960938e+00 6.001510143280029297e+00 5.701086997985839844e+00 5.382096767425537109e+00 5.078787326812744141e+00 4.778516769409179688e+00 4.477517604827880859e+00 4.182780265808105469e+00 3.892755270004272461e+00 3.606624841690063477e+00 3.326192140579223633e+00 3.051688432693481445e+00 2.782765865325927734e+00 2.518660068511962891e+00 2.258647918701171875e+00 2.002199888229370117e+00 1.748773336410522461e+00 1.497750878334045410e+00 1.248430371284484863e+00 1.000000000000000000e+00
nan nan nan nan nan nan nan nan nan nan nan nan nan nan nan nan nan nan nan nan nan nan nan nan nan nan nan nan nan nan nan nan nan nan nan 8.055703163146972656e+00 7.831481456756591797e+00 7.500816345214843750e+00 7.082939624786376953e+00 6.752945899963378906e+00 6.421654224395751953e+00 6.107172966003417969e+00 5.794317245483398438e+00 5.479269504547119141e+00 5.169566631317138672e+00 4.863644123077392578e+00 4.560516357421875000e+00 4.261789798736572266e+00 3.967495203018188477e+00 3.677572488784790039e+00 3.392521381378173828e+00 3.112466335296630859e+00 2.837184429168701172e+00 2.566205978393554688e+00 2.298993110656738281e+00 2.035025596618652344e+00 1.773762106895446777e+00 1.514613509178161621e+00 1.256930112838745117e+00 1.000000000000000000e+00
nan nan nan nan nan nan nan nan nan nan nan nan nan nan nan nan nan nan nan nan nan nan nan nan nan nan nan nan nan nan nan nan 9.285490989685058594e+00 9.052976608276367188e+00 8.710603713989257812e+00 8.279924392700195312e+00 7.937925815582275391e+00 7.588027477264404297e+00 7.219875812530517578e+00 6.873888015747070312e+00 6.537658214569091797e+00 6.211210727691650391e+00 5.889738559722900391e+00 5.571097373962402344e+00 5.256565570831298828e+00 4.945977210998535156e+00 4.639113903045654297e+00 4.336367130279541016e+00 4.037862777709960938e+00 3.743648767471313477e+00 3.453854799270629883e+00 3.168471097946166992e+00 2.887299299240112305e+00 2.609985828399658203e+00 2.336093425750732422e+00 2.065146684646606445e+00 1.796636104583740234e+00 1.530010819435119629e+00 1.264676570892333984e+00 1.000000000000000000e+00
nan nan nan nan nan nan nan nan nan nan nan nan nan nan nan nan nan nan nan nan nan nan nan nan nan nan nan nan nan 1.055341720581054688e+01 1.031647586822509766e+01 9.963981628417968750e+00 9.518005371093750000e+00 9.162836074829101562e+00 8.798911094665527344e+00 8.415464401245117188e+00 8.052269935607910156e+00 7.693492412567138672e+00 7.334647178649902344e+00 6.985072612762451172e+00 6.643879890441894531e+00 6.310273647308349609e+00 5.982328414916992188e+00 5.658815860748291016e+00 5.339620590209960938e+00 5.024585723876953125e+00 4.713593959808349609e+00 4.406702518463134766e+00 4.103940486907958984e+00 3.805304765701293945e+00 3.510777950286865234e+00 3.220263957977294922e+00 2.933556079864501953e+00 2.650345087051391602e+00 2.370247840881347656e+00 2.092832088470458984e+00 1.817624807357788086e+00 1.544116973876953125e+00 1.271765470504760742e+00 1.000000000000000000e+00
nan nan nan nan nan nan nan nan nan nan nan nan nan nan nan nan nan nan nan nan nan nan nan nan nan nan nan 1.150085353851318359e+01 1.122015094757080078e+01 1.079035854339599609e+01 1.043202877044677734e+01 1.005746364593505859e+01 9.659711837768554688e+00 9.281450271606445312e+00 8.906739234924316406e+00 8.530751228332519531e+00 8.162197113037109375e+00 7.799024105072021484e+00 7.440148353576660156e+00 7.087875843048095703e+00 6.742514133453369141e+00 6.403675556182861328e+00 6.070486545562744141e+00 5.742217063903808594e+00 5.418514728546142578e+00 5.099151134490966797e+00 4.783974170684814453e+00 4.472908020019531250e+00 4.165892124176025391e+00 3.862851619720458984e+00 3.563688516616821289e+00 3.268250703811645508e+00 2.976315736770629883e+00 2.687590122222900391e+00 2.401721239089965820e+00 2.118308544158935547e+00 1.836914062500000000e+00 1.557066679000854492e+00 1.278268337249755859e+00 1.000000000000000000e+00
nan nan nan nan nan nan nan nan nan nan nan nan nan nan nan nan nan nan nan nan nan nan nan nan 1.300024509429931641e+01 1.271874046325683594e+01 1.230432796478271484e+01 1.178155612945556641e+01 1.136924076080322266e+01 1.095583724975585938e+01 1.056381702423095703e+01 1.017413330078125000e+01 9.781926155090332031e+00 9.396515846252441406e+00 9.015846252441406250e+00 8.638603210449218750e+00 8.266745567321777344e+00 7.900258064270019531e+00 7.539047241210937500e+00 7.183767318725585938e+00 6.834625244140625000e+00 6.491428852081298828e+00 6.153724193572998047e+00 5.821051120758056641e+00 5.493070125579833984e+00 5.169530868530273438e+00 4.850243091583251953e+00 4.535064220428466797e+00 4.223867416381835938e+00 3.916521310806274414e+00 3.612873554229736328e+00 3.312734365463256836e+00 3.015866041183471680e+00 2.721979141235351562e+00 2.430737972259521484e+00 2.141766786575317383e+00 1.854656100273132324e+00 1.568967700004577637e+00 1.284241199493408203e+00 1.000000000000000000e+00
nan nan nan nan nan nan nan nan nan nan nan nan nan nan nan nan nan nan nan nan nan 1.455182456970214844e+01 1.425720024108886719e+01 1.382450008392333984e+01 1.328174972534179688e+01 1.285164737701416016e+01 1.241268730163574219e+01 1.195180320739746094e+01 1.151941871643066406e+01 1.109993362426757812e+01 1.069326782226562500e+01 1.029332637786865234e+01 9.897345542907714844e+00 9.506838798522949219e+00 9.121525764465332031e+00 8.741069793701171875e+00 8.365921974182128906e+00 7.996216297149658203e+00 7.632015228271484375e+00 7.273520946502685547e+00 6.920791625976562500e+00 6.573689460754394531e+00 6.231930732727050781e+00 5.895193099975585938e+00 5.563184738159179688e+00 5.235657691955566406e+00 4.912403106689453125e+00 4.593237876892089844e+00 4.277992248535156250e+00 3.966492652893066406e+00 3.658550024032592773e+00 3.353947639465332031e+00 3.052434444427490234e+00 2.753722190856933594e+00 2.457484960556030273e+00 2.163364887237548828e+00 1.870975613594055176e+00 1.579906582832336426e+00 1.289728760719299316e+00 1.000000000000000000e+00
nan nan nan nan nan nan nan nan nan nan nan nan nan nan nan nan nan nan 1.616916275024414062e+01 1.586521625518798828e+01 1.541452980041503906e+01 1.484644889831542969e+01 1.439527511596679688e+01 1.393455123901367188e+01 1.345060729980468750e+01 1.299341106414794922e+01 1.254297256469726562e+01 1.209354782104492188e+01 1.165669822692871094e+01 1.123121070861816406e+01 1.081599521636962891e+01 1.040855979919433594e+01 1.000728893280029297e+01 9.611969947814941406e+00 9.222347259521484375e+00 8.838228225708007812e+00 8.459658622741699219e+00 8.086668968200683594e+00 7.719275951385498047e+00 7.357509136199951172e+00 7.001331329345703125e+00 6.650606632232666016e+00 6.305116653442382812e+00 5.964605331420898438e+00 5.628817558288574219e+00 5.297513484954833984e+00 4.970473289489746094e+00 4.647492408752441406e+00 4.328371047973632812e+00 4.012907505035400391e+00 3.700885772705078125e+00 3.392071485519409180e+00 3.086202621459960938e+00 2.782989740371704102e+00 2.482114553451538086e+00 2.183232307434082031e+00 1.885974884033203125e+00 1.589954376220703125e+00 1.294767379760742188e+00 1.000000000000000000e+00
nan nan nan nan nan nan nan nan nan nan nan nan nan nan nan nan 1.739188957214355469e+01 1.702797889709472656e+01 1.647310829162597656e+01 1.601195526123046875e+01 1.553192520141601562e+01 1.502416610717773438e+01 1.454289817810058594e+01 1.406782436370849609e+01 1.359271526336669922e+01 1.312841796875000000e+01 1.267224407196044922e+01 1.222271919250488281e+01 1.178261375427246094e+01 1.135221481323242188e+01 1.093094348907470703e+01 1.051762676239013672e+01 1.011128139495849609e+01 9.711404800415039062e+00 9.317664146423339844e+00 8.929836273193359375e+00 8.547813415527343750e+00 8.171525001525878906e+00 7.800911426544189453e+00 7.435907840728759766e+00 7.076417446136474609e+00 6.722288608551025391e+00 6.373323440551757812e+00 6.029294967651367188e+00 5.689966201782226562e+00 5.355104446411132812e+00 5.024484634399414062e+00 4.697886466979980469e+00 4.375092506408691406e+00 4.055879592895507812e+00 3.740014791488647461e+00 3.427249670028686523e+00 3.117314815521240234e+00 2.809919834136962891e+00 2.504751443862915039e+00 2.201475143432617188e+00 1.899737358093261719e+00 1.599168539047241211e+00 1.299386501312255859e+00 1.000000000000000000e+00
nan nan nan nan nan nan nan nan nan nan nan nan nan 1.935608100891113281e+01 1.898407936096191406e+01 1.843921089172363281e+01 1.775580024719238281e+01 1.721894073486328125e+01 1.668333625793457031e+01 1.617757415771484375e+01 1.567704868316650391e+01 1.517539310455322266e+01 1.468432807922363281e+01 1.420113277435302734e+01 1.372401142120361328e+01 1.325530147552490234e+01 1.279486560821533203e+01 1.234247016906738281e+01 1.189882469177246094e+01 1.146409034729003906e+01 1.103793811798095703e+01 1.061972332000732422e+01 1.020880413055419922e+01 9.804703712463378906e+00 9.407069206237792969e+00 9.015641212463378906e+00 8.630234718322753906e+00 8.250707626342773438e+00 7.876935482025146484e+00 7.508794307708740234e+00 7.146141529083251953e+00 6.788807868957519531e+00 6.436594486236572266e+00 6.089283943176269531e+00 5.746647357940673828e+00 5.408454418182373047e+00 5.074474334716796875e+00 4.744477272033691406e+00 4.418232440948486328e+00 4.095503330230712891e+00 3.776044607162475586e+00 3.459597110748291016e+00 3.145887374877929688e+00 2.834623336791992188e+00 2.525496006011962891e+00 2.218178987503051758e+00 1.912330746650695801e+00 1.607596158981323242e+00 1.303610086441040039e+00 1.000000000000000000e+00
nan nan nan nan nan nan nan nan nan nan 2.143246841430664062e+01 2.103402519226074219e+01 2.045247268676757812e+01 1.972808074951171875e+01 1.915694618225097656e+01 1.857775497436523438e+01 1.797315788269042969e+01 1.740864944458007812e+01 1.686371994018554688e+01 1.633795356750488281e+01 1.582330322265625000e+01 1.531603050231933594e+01 1.481788825988769531e+01 1.432836627960205078e+01 1.384689712524414062e+01 1.337390995025634766e+01 1.290944671630859375e+01 1.245347023010253906e+01 1.200612449645996094e+01 1.156738471984863281e+01 1.113699436187744141e+01 1.071452331542968750e+01 1.029950809478759766e+01 9.891537666320800781e+00 9.490268707275390625e+00 9.095422744750976562e+00 8.706775665283203125e+00 8.324134826660156250e+00 7.947329521179199219e+00 7.576191902160644531e+00 7.210546970367431641e+00 6.850205898284912109e+00 6.494962692260742188e+00 6.144598960876464844e+00 5.798885822296142578e+00 5.457591533660888672e+00 5.120480537414550781e+00 4.787315845489501953e+00 4.457856655120849609e+00 4.131857395172119141e+00 3.809062480926513672e+00 3.489207506179809570e+00 3.172013998031616211e+00 2.857190132141113281e+00 2.544430255889892578e+00 2.233414411544799805e+00 1.923810362815856934e+00 1.615275144577026367e+00 1.307457447052001953e+00 1.000000000000000000e+00
nan nan nan nan nan nan nan 2.365428352355957031e+01 2.323114585876464844e+01 2.260866928100585938e+01 2.183091163635253906e+01 2.121713638305664062e+01 2.059531021118164062e+01 1.994682502746582031e+01 1.933786964416503906e+01 1.874170494079589844e+01 1.815042304992675781e+01 1.757878112792968750e+01 1.702493858337402344e+01 1.648721885681152344e+01 1.596217918395996094e+01 1.544753837585449219e+01 1.494282627105712891e+01 1.444754695892333984e+01 1.396129894256591797e+01 1.348399543762207031e+01 1.301554203033447266e+01 1.255584049224853516e+01 1.210481739044189453e+01 1.166233158111572266e+01 1.122812938690185547e+01 1.080186748504638672e+01 1.038316822052001953e+01 9.971669197082519531e+00 9.567044258117675781e+00 9.169007301330566406e+00 8.777309417724609375e+00 8.391727447509765625e+00 8.012055397033691406e+00 7.638096332550048828e+00 7.269648551940917969e+00 6.906506061553955078e+00 6.548451900482177734e+00 6.195262432098388672e+00 5.846705436706542969e+00 5.502544879913330078e+00 5.162540435791015625e+00 4.826448917388916016e+00 4.494021892547607422e+00 4.165006160736083984e+00 3.839140892028808594e+00 3.516155958175659180e+00 3.195770740509033203e+00 2.877693176269531250e+00 2.561620473861694336e+00 2.247237920761108398e+00 1.934221148490905762e+00 1.622236847877502441e+00 1.310944676399230957e+00 1.000000000000000000e+00
nan nan nan nan nan 2.538285636901855469e+01 2.486227226257324219e+01 2.407742118835449219e+01 2.343048667907714844e+01 2.276394844055175781e+01 2.206537437438964844e+01 2.140829658508300781e+01 2.076480865478515625e+01 2.012604141235351562e+01 1.950599861145019531e+01 1.890077209472656250e+01 1.830805206298828125e+01 1.773111343383789062e+01 1.717003440856933594e+01 1.662380218505859375e+01 1.609065818786621094e+01 1.556911659240722656e+01 1.505833244323730469e+01 1.455769634246826172e+01 1.406675815582275391e+01 1.358522987365722656e+01 1.311288738250732422e+01 1.264953041076660156e+01 1.219497299194335938e+01 1.174899482727050781e+01 1.131132507324218750e+01 1.088164901733398438e+01 1.045962810516357422e+01 1.004492664337158203e+01 9.637231826782226562e+00 9.236252784729003906e+00 8.841726303100585938e+00 8.453408241271972656e+00 8.071069717407226562e+00 7.694489002227783203e+00 7.323445320129394531e+00 6.957716941833496094e+00 6.597077369689941406e+00 6.241293430328369141e+00 5.890129089355468750e+00 5.543342113494873047e+00 5.200687885284423828e+00 4.861916542053222656e+00 4.526775360107421875e+00 4.195004940032958984e+00 3.866339206695556641e+00 3.540504693984985352e+00 3.217219591140747070e+00 2.896191596984863281e+00 2.577120542526245117e+00 2.259695768356323242e+00 1.943599462509155273e+00 1.628506064414978027e+00 1.314084529876708984e+00 1.000000000000000000e+00
nan nan 2.829365158081054688e+01 2.772267532348632812e+01 2.690598297119140625e+01 2.590344047546386719e+01 2.512653923034667969e+01 2.436264038085937500e+01 2.364942932128906250e+01 2.295126724243164062e+01 2.225833702087402344e+01 2.158586692810058594e+01 2.092958831787109375e+01 2.028653144836425781e+01 1.965931129455566406e+01 1.904733467102050781e+01 1.844989967346191406e+01 1.786758422851562500e+01 1.730028533935546875e+01 1.674729537963867188e+01 1.620753288269042969e+01 1.567993831634521484e+01 1.516369056701660156e+01 1.465814781188964844e+01 1.416280651092529297e+01 1.367727851867675781e+01 1.320124530792236328e+01 1.273442363739013672e+01 1.227654838562011719e+01 1.182734775543212891e+01 1.138652896881103516e+01 1.095377635955810547e+01 1.052876663208007812e+01 1.011117839813232422e+01 9.700702667236328125e+00 9.297046661376953125e+00 8.899935722351074219e+00 8.509111404418945312e+00 8.124326705932617188e+00 7.745344161987304688e+00 7.371926784515380859e+00 7.003839969635009766e+00 6.640845775604248047e+00 6.282705307006835938e+00 5.929174423217773438e+00 5.580006599426269531e+00 5.234951496124267578e+00 4.893754959106445312e+00 4.556158542633056641e+00 4.221898555755615234e+00 3.890706062316894531e+00 3.562304496765136719e+00 3.236410856246948242e+00 2.912733554840087891e+00 2.590973854064941406e+00 2.270825386047363281e+00 1.951974868774414062e+00 1.634103536605834961e+00 1.316887497901916504e+00 1.000000000000000000e+00
3.113139915466308594e+01 3.005767059326171875e+01 2.886462593078613281e+01 2.796839523315429688e+01 2.709183120727539062e+01 2.619838523864746094e+01 2.537780380249023438e+01 2.459717369079589844e+01 2.385332489013671875e+01 2.313335227966308594e+01 2.243084144592285156e+01 2.174724197387695312e+01 2.108115005493164062e+01 2.043118286132812500e+01 1.979738426208496094e+01 1.917935180664062500e+01 1.857662963867187500e+01 1.798903846740722656e+01 1.741622543334960938e+01 1.685756492614746094e+01 1.631223869323730469e+01 1.577941417694091797e+01 1.525834465026855469e+01 1.474839782714843750e+01 1.424904251098632812e+01 1.375983428955078125e+01 1.328038978576660156e+01 1.281036853790283203e+01 1.234945011138916016e+01 1.189732074737548828e+01 1.145366477966308594e+01 1.101815986633300781e+01 1.059048461914062500e+01 1.017031860351562500e+01 9.757353782653808594e+00 9.351294517517089844e+00 8.951857566833496094e+00 8.558773040771484375e+00 8.171783447265625000e+00 7.790633678436279297e+00 7.415078163146972656e+00 7.044869422912597656e+00 6.679761886596679688e+00 6.319507598876953125e+00 5.963857173919677734e+00 5.612558841705322266e+00 5.265357017517089844e+00 4.921993255615234375e+00 4.582204818725585938e+00 4.245725154876708984e+00 3.912281751632690430e+00 3.581596612930297852e+00 3.253385543823242188e+00 2.927357673645019531e+00 2.603215932846069336e+00 2.280656814575195312e+00 1.959371328353881836e+00 1.639045596122741699e+00 1.319361925125122070e+00 1.000000000000000000e+00
3.120512771606445312e+01 3.017698669433593750e+01 2.913878822326660156e+01 2.819444465637207031e+01 2.729456138610839844e+01 2.642046546936035156e+01 2.558911705017089844e+01 2.479492568969726562e+01 2.403334426879882812e+01 2.329797363281250000e+01 2.258443069458007812e+01 2.189111328125000000e+01 2.121658515930175781e+01 2.055966567993164062e+01 1.991968917846679688e+01 1.929606056213378906e+01 1.868822479248046875e+01 1.809571647644042969e+01 1.751801681518554688e+01 1.695449638366699219e+01 1.640444564819335938e+01 1.586713314056396484e+01 1.534187507629394531e+01 1.482805538177490234e+01 1.432513046264648438e+01 1.383262443542480469e+01 1.335011291503906250e+01 1.287721252441406250e+01 1.241356277465820312e+01 1.195882034301757812e+01 1.151264858245849609e+01 1.107471561431884766e+01 1.064469146728515625e+01 1.022225761413574219e+01 9.807100296020507812e+00 9.398919105529785156e+00 8.997426033020019531e+00 8.602342605590820312e+00 8.213397979736328125e+00 7.830330371856689453e+00 7.452881813049316406e+00 7.080797672271728516e+00 6.713823795318603516e+00 6.351705551147460938e+00 5.994188308715820312e+00 5.641014099121093750e+00 5.291924476623535156e+00 4.946655750274658203e+00 4.604942798614501953e+00 4.266515254974365234e+00 3.931099414825439453e+00 3.598414897918701172e+00 3.268177032470703125e+00 2.940095901489257812e+00 2.613875389099121094e+00 2.289214611053466797e+00 1.965807914733886719e+00 1.643345594406127930e+00 1.321514725685119629e+00 1.000000000000000000e+00
3.130699729919433594e+01 3.030636215209960938e+01 2.931909751892089844e+01 2.837603187561035156e+01 2.747150421142578125e+01 2.659979820251464844e+01 2.576327133178710938e+01 2.496006965637207031e+01 2.418715286254882812e+01 2.344076919555664062e+01 2.271779632568359375e+01 2.201619720458984375e+01 2.133440971374511719e+01 2.067120361328125000e+01 2.002565002441406250e+01 1.939697456359863281e+01 1.878449440002441406e+01 1.818758392333984375e+01 1.760562515258789062e+01 1.703796195983886719e+01 1.648391342163085938e+01 1.594279861450195312e+01 1.541396808624267578e+01 1.489681816101074219e+01 1.439080047607421875e+01 1.389542007446289062e+01 1.341022586822509766e+01 1.293480396270751953e+01 1.246876716613769531e+01 1.201174926757812500e+01 1.156339550018310547e+01 1.112336063385009766e+01 1.069131088256835938e+01 1.026691913604736328e+01 9.849869728088378906e+00 9.439857482910156250e+00 9.036585807800292969e+00 8.639771461486816406e+00 8.249135017395019531e+00 7.864407539367675781e+00 7.485321998596191406e+00 7.111616134643554688e+00 6.743030071258544922e+00 6.379303455352783203e+00 6.020175933837890625e+00 5.665385723114013672e+00 5.314670085906982422e+00 4.967762947082519531e+00 4.624394893646240234e+00 4.284294605255126953e+00 3.947185277938842773e+00 3.612786054611206055e+00 3.280812025070190430e+00 2.950973272323608398e+00 2.622975111007690430e+00 2.296518325805664062e+00 1.971300244331359863e+00 1.647014260292053223e+00 1.323351144790649414e+00 1.000000000000000000e+00
3.140950012207031250e+01 3.042236709594726562e+01 2.945520591735839844e+01 2.851908111572265625e+01 2.761562919616699219e+01 2.674394989013671875e+01 2.590410041809082031e+01 2.509493064880371094e+01 2.431443023681640625e+01 2.356015205383300781e+01 2.282978820800781250e+01 2.212146759033203125e+01 2.143365478515625000e+01 2.076508903503417969e+01 2.011473274230957031e+01 1.948169517517089844e+01 1.886519241333007812e+01 1.826450347900390625e+01 1.767893600463867188e+01 1.710781097412109375e+01 1.655044555664062500e+01 1.600618171691894531e+01 1.547438049316406250e+01 1.495444774627685547e+01 1.444583320617675781e+01 1.394802856445312500e+01 1.346056556701660156e+01 1.298301029205322266e+01 1.251495456695556641e+01 1.205601501464843750e+01 1.160582160949707031e+01 1.116402149200439453e+01 1.073027038574218750e+01 1.030423831939697266e+01 9.885601997375488281e+00 9.474053382873535156e+00 9.069290161132812500e+00 8.671022415161132812e+00 8.278964996337890625e+00 7.892842292785644531e+00 7.512381553649902344e+00 7.137315273284912109e+00 6.767376899719238281e+00 6.402301788330078125e+00 6.041825771331787109e+00 5.685683250427246094e+00 5.333607196807861328e+00 4.985330104827880859e+00 4.640580177307128906e+00 4.299082756042480469e+00 3.960560560226440430e+00 3.624732255935668945e+00 3.291311979293823242e+00 2.960010290145874023e+00 2.630533218383789062e+00 2.302583694458007812e+00 1.975860476493835449e+00 1.650059819221496582e+00 1.324875593185424805e+00 1.000000000000000000e+00
3.149913597106933594e+01 3.051840019226074219e+01 2.956027984619140625e+01 2.862945556640625000e+01 2.772797966003417969e+01 2.685627174377441406e+01 2.601424980163574219e+01 2.520111846923828125e+01 2.441548538208007812e+01 2.365561676025390625e+01 2.291973876953125000e+01 2.220622825622558594e+01 2.151365089416503906e+01 2.084076690673828125e+01 2.018649291992187500e+01 1.954988098144531250e+01 1.893007659912109375e+01 1.832629966735839844e+01 1.773780822753906250e+01 1.716389656066894531e+01 1.660387992858886719e+01 1.605709838867187500e+01 1.552292346954345703e+01 1.500076103210449219e+01 1.449005699157714844e+01 1.399029636383056641e+01 1.350099849700927734e+01 1.302171516418457031e+01 1.255202579498291016e+01 1.209153270721435547e+01 1.163985633850097656e+01 1.119663238525390625e+01 1.076151275634765625e+01 1.033415985107421875e+01 9.914248466491699219e+00 9.501462936401367188e+00 9.095499038696289062e+00 8.696061134338378906e+00 8.302860260009765625e+00 7.915614604949951172e+00 7.534047126770019531e+00 7.157886028289794922e+00 6.786859989166259766e+00 6.420701503753662109e+00 6.059142112731933594e+00 5.701913356781005859e+00 5.348746299743652344e+00 4.999370098114013672e+00 4.653512001037597656e+00 4.310895442962646484e+00 3.971242427825927734e+00 3.634270429611206055e+00 3.299693346023559570e+00 2.967222213745117188e+00 2.636564016342163086e+00 2.307422399520874023e+00 1.979498028755187988e+00 1.652489066123962402e+00 1.326091527938842773e+00 1.000000000000000000e+00
3.156950759887695312e+01 3.059181976318359375e+01 2.963805961608886719e+01 2.871047973632812500e+01 2.781056213378906250e+01 2.693890762329101562e+01 2.609551048278808594e+01 2.527980804443359375e+01 2.449077606201171875e+01 2.372709465026855469e+01 2.298732376098632812e+01 2.227005195617675781e+01 2.157395744323730469e+01 2.089783287048339844e+01 2.024059295654296875e+01 1.960125923156738281e+01 1.897893714904785156e+01 1.837280654907226562e+01 1.778210067749023438e+01 1.720608901977539062e+01 1.664408111572265625e+01 1.609541130065917969e+01 1.555945301055908203e+01 1.503561496734619141e+01 1.452333736419677734e+01 1.402210044860839844e+01 1.353141593933105469e+01 1.305082702636718750e+01 1.257990169525146484e+01 1.211823463439941406e+01 1.166543674468994141e+01 1.122113990783691406e+01 1.078498840332031250e+01 1.035664081573486328e+01 9.935768127441406250e+00 9.522051811218261719e+00 9.115182876586914062e+00 8.714863777160644531e+00 8.320800781250000000e+00 7.932708263397216797e+00 7.550307273864746094e+00 7.173321247100830078e+00 6.801476478576660156e+00 6.434502124786376953e+00 6.072127342224121094e+00 5.714081764221191406e+00 5.360094547271728516e+00 5.009892940521240234e+00 4.663201808929443359e+00 4.319745540618896484e+00 3.979243278503417969e+00 3.641413211822509766e+00 3.305968999862670898e+00 2.972621440887451172e+00 2.641078233718872070e+00 2.311043977737426758e+00 1.982220292091369629e+00 1.654306888580322266e+00 1.327001333236694336e+00 1.000000000000000000e+00
3.161756706237792969e+01 3.064130973815917969e+01 2.968965530395507812e+01 2.876384544372558594e+01 2.786488151550292969e+01 2.699328422546386719e+01 2.614907646179199219e+01 2.533182716369628906e+01 2.454071807861328125e+01 2.377465820312500000e+01 2.303240966796875000e+01 2.231270217895507812e+01 2.161429214477539062e+01 2.093601417541503906e+01 2.027678871154785156e+01 1.963562202453613281e+01 1.901160430908203125e+01 1.840389251708984375e+01 1.781169700622558594e+01 1.723428153991699219e+01 1.667094039916992188e+01 1.612101173400878906e+01 1.558386421203613281e+01 1.505890655517578125e+01 1.454557704925537109e+01 1.404335308074951172e+01 1.355173873901367188e+01 1.307027435302734375e+01 1.259852027893066406e+01 1.213606548309326172e+01 1.168251800537109375e+01 1.123750209808349609e+01 1.080065917968750000e+01 1.037164688110351562e+01 9.950131416320800781e+00 9.535792350769042969e+00 9.128318786621093750e+00 8.727409362792968750e+00 8.332769393920898438e+00 7.944111347198486328e+00 7.561152458190917969e+00 7.183614730834960938e+00 6.811222553253173828e+00 6.443702697753906250e+00 6.080783367156982422e+00 5.722192287445068359e+00 5.367657184600830078e+00 5.016904354095458984e+00 4.669657707214355469e+00 4.325640678405761719e+00 3.984572410583496094e+00 3.646170139312744141e+00 3.310147762298583984e+00 2.976216316223144531e+00 2.644083499908447266e+00 2.313454866409301758e+00 1.984032392501831055e+00 1.655516862869262695e+00 1.327606916427612305e+00 1.000000000000000000e+00
3.164188385009765625e+01 3.066620063781738281e+01 2.971540641784667969e+01 2.879036331176757812e+01 2.789183807373046875e+01 2.702026939392089844e+01 2.617568397521972656e+01 2.535770797729492188e+01 2.456561279296875000e+01 2.379840850830078125e+01 2.305495643615722656e+01 2.233405113220214844e+01 2.163449668884277344e+01 2.095514488220214844e+01 2.029492378234863281e+01 1.965283775329589844e+01 1.902796745300292969e+01 1.841945838928222656e+01 1.782651710510253906e+01 1.724839591979980469e+01 1.668438911437988281e+01 1.613382911682128906e+01 1.559608745574951172e+01 1.507056903839111328e+01 1.455671310424804688e+01 1.405399322509765625e+01 1.356191349029541016e+01 1.308000946044921875e+01 1.260784053802490234e+01 1.214499092102050781e+01 1.169106578826904297e+01 1.124568939208984375e+01 1.080850124359130859e+01 1.037915515899658203e+01 9.957317352294921875e+00 9.542666435241699219e+00 9.134890556335449219e+00 8.733685493469238281e+00 8.338756561279296875e+00 7.949814796447753906e+00 7.566576480865478516e+00 7.188762187957763672e+00 6.816096305847167969e+00 6.448303699493408203e+00 6.085111618041992188e+00 5.726247310638427734e+00 5.371437549591064453e+00 5.020408630371093750e+00 4.672884464263916016e+00 4.328587055206298828e+00 3.987235546112060547e+00 3.648547172546386719e+00 3.312235832214355469e+00 2.978012323379516602e+00 2.645585060119628906e+00 2.314659118652343750e+00 1.984937548637390137e+00 1.656121253967285156e+00 1.327909350395202637e+00 1.000000000000000000e+00
3.164188385009765625e+01 3.066620063781738281e+01 2.971540641784667969e+01 2.879036331176757812e+01 2.789183807373046875e+01 2.702026939392089844e+01 2.617568397521972656e+01 2.535770797729492188e+01 2.456561279296875000e+01 2.379840850830078125e+01 2.305495643615722656e+01 2.233405113220214844e+01 2.163449668884277344e+01 2.095514488220214844e+01 2.029492378234863281e+01 1.965283775329589844e+01 1.902796745300292969e+01 1.841945838928222656e+01 1.782651710510253906e+01 1.724839591979980469e+01 1.668438911437988281e+01 1.613382911682128906e+01 1.559608745574951172e+01 1.507056903839111328e+01 1.455671310424804688e+01 1.405399322509765625e+01 1.356191349029541016e+01 1.308000946044921875e+01 1.260784053802490234e+01 1.214499092102050781e+01 1.169106578826904297e+01 1.124568939208984375e+01 1.080850124359130859e+01 1.037915515899658203e+01 9.957317352294921875e+00 9.542666435241699219e+00 9.134890556335449219e+00 8.733685493469238281e+00 8.338756561279296875e+00 7.949814796447753906e+00 7.566576480865478516e+00 7.188762187957763672e+00 6.816096305847167969e+00 6.448303699493408203e+00 6.085111618041992188e+00 5.726247310638427734e+00 5.371437549591064453e+00 5.020408630371093750e+00 4.672884464263916016e+00 4.328587055206298828e+00 3.987235546112060547e+00 3.648547172546386719e+00 3.312235832214355469e+00 2.978012323379516602e+00 2.645585060119628906e+00 2.314659118652343750e+00 1.984937548637390137e+00 1.656121253967285156e+00 1.327909350395202637e+00 1.000000000000000000e+00
3.161756706237792969e+01 3.064130973815917969e+01 2.968965530395507812e+01 2.876384544372558594e+01 2.786488151550292969e+01 2.699328422546386719e+01 2.614907646179199219e+01 2.533182716369628906e+01 2.454071807861328125e+01 2.377465820312500000e+01 2.303240966796875000e+01 2.231270217895507812e+01 2.161429214477539062e+01 2.093601417541503906e+01 2.027678871154785156e+01 1.963562202453613281e+01 1.901160430908203125e+01 1.840389251708984375e+01 1.781169700622558594e+01 1.723428153991699219e+01 1.667094039916992188e+01 1.612101173400878906e+01 1.558386421203613281e+01 1.505890655517578125e+01 1.454557704925537109e+01 1.404335308074951172e+01 1.355173873901367188e+01 1.307027435302734375e+01 1.259852027893066406e+01 1.213606548309326172e+01 1.168251800537109375e+01 1.123750209808349609e+01 1.080065917968750000e+01 1.037164688110351562e+01 9.950131416320800781e+00 9.535792350769042969e+00 9.128318786621093750e+00 8.727409362792968750e+00 8.332769393920898438e+00 7.944111347198486328e+00 7.561152458190917969e+00 7.183614730834960938e+00 6.811222553253173828e+00 6.443702697753906250e+00 6.080783367156982422e+00 5.722192287445068359e+00 5.367657184600830078e+00 5.016904354095458984e+00 4.669657707214355469e+00 4.325640678405761719e+00 3.984572410583496094e+00 3.646170139312744141e+00 3.310147762298583984e+00 2.976216316223144531e+00 2.644083499908447266e+00 2.313454866409301758e+00 1.984032392501831055e+00 1.655516862869262695e+00 1.327606916427612305e+00 1.000000000000000000e+00
3.156950759887695312e+01 3.059181976318359375e+01 2.963805961608886719e+01 2.871047973632812500e+01 2.781056213378906250e+01 2.693890762329101562e+01 2.609551048278808594e+01 2.527980804443359375e+01 2.449077606201171875e+01 2.372709465026855469e+01 2.298732376098632812e+01 2.227005195617675781e+01 2.157395744323730469e+01 2.089783287048339844e+01 2.024059295654296875e+01 1.960125923156738281e+01 1.897893714904785156e+01 1.837280654907226562e+01 1.778210067749023438e+01 1.720608901977539062e+01 1.664408111572265625e+01 1.609541130065917969e+01 1.555945301055908203e+01 1.503561496734619141e+01 1.452333736419677734e+01 1.402210044860839844e+01 1.353141593933105469e+01 1.305082702636718750e+01 1.257990169525146484e+01 1.211823463439941406e+01 1.166543674468994141e+01 1.122113990783691406e+01 1.078498840332031250e+01 1.035664081573486328e+01 9.935768127441406250e+00 9.522051811218261719e+00 9.115182876586914062e+00 8.714863777160644531e+00 8.320800781250000000e+00 7.932708263397216797e+00 7.550307273864746094e+00 7.173321247100830078e+00 6.801476478576660156e+00 6.434502124786376953e+00 6.072127342224121094e+00 5.714081764221191406e+00 5.360094547271728516e+00 5.009892940521240234e+00 4.663201808929443359e+00 4.319745540618896484e+00 3.979243278503417969e+00 3.641413211822509766e+00 3.305968999862670898e+00 2.972621440887451172e+00 2.641078233718872070e+00 2.311043977737426758e+00 1.982220292091369629e+00 1.654306888580322266e+00 1.327001333236694336e+00 1.000000000000000000e+00
3.149913597106933594e+01 3.051840019226074219e+01 2.956027984619140625e+01 2.862945556640625000e+01 2.772797966003417969e+01 2.685627174377441406e+01 2.601424980163574219e+01 2.520111846923828125e+01 2.441548538208007812e+01 2.365561676025390625e+01 2.291973876953125000e+01 2.220622825622558594e+01 2.151365089416503906e+01 2.084076690673828125e+01 2.018649291992187500e+01 1.954988098144531250e+01 1.893007659912109375e+01 1.832629966735839844e+01 1.773780822753906250e+01 1.716389656066894531e+01 1.660387992858886719e+01 1.605709838867187500e+01 1.552292346954345703e+01 1.500076103210449219e+01 1.449005699157714844e+01 1.399029636383056641e+01 1.350099849700927734e+01 1.302171516418457031e+01 1.255202579498291016e+01 1.209153270721435547e+01 1.163985633850097656e+01 1.119663238525390625e+01 1.076151275634765625e+01 1.033415985107421875e+01 9.914248466491699219e+00 9.501462936401367188e+00 9.095499038696289062e+00 8.696061134338378906e+00 8.302860260009765625e+00 7.915614604949951172e+00 7.534047126770019531e+00 7.157886028289794922e+00 6.786859989166259766e+00 6.420701503753662109e+00 6.059142112731933594e+00 5.701913356781005859e+00 5.348746299743652344e+00 4.999370098114013672e+00 4.653512001037597656e+00 4.310895442962646484e+00 3.971242427825927734e+00 3.634270429611206055e+00 3.299693346023559570e+00 2.967222213745117188e+00 2.636564016342163086e+00 2.307422399520874023e+00 1.979498028755187988e+00 1.652489066123962402e+00 1.326091527938842773e+00 1.000000000000000000e+00
3.140950012207031250e+01 3.042236709594726562e+01 2.945520591735839844e+01 2.851908111572265625e+01 2.761562919616699219e+01 2.674394989013671875e+01 2.590410041809082031e+01 2.509493064880371094e+01 2.431443023681640625e+01 2.356015205383300781e+01 2.282978820800781250e+01 2.212146759033203125e+01 2.143365478515625000e+01 2.076508903503417969e+01 2.011473274230957031e+01 1.948169517517089844e+01 1.886519241333007812e+01 1.826450347900390625e+01 1.767893600463867188e+01 1.710781097412109375e+01 1.655044555664062500e+01 1.600618171691894531e+01 1.547438049316406250e+01 1.495444774627685547e+01 1.444583320617675781e+01 1.394802856445312500e+01 1.346056556701660156e+01 1.298301029205322266e+01 1.251495456695556641e+01 1.205601501464843750e+01 1.160582160949707031e+01 1.116402149200439453e+01 1.073027038574218750e+01 1.030423831939697266e+01 9.885601997375488281e+00 9.474053382873535156e+00 9.069290161132812500e+00 8.671022415161132812e+00 8.278964996337890625e+00 7.892842292785644531e+00 7.512381553649902344e+00 7.137315273284912109e+00 6.767376899719238281e+00 6.402301788330078125e+00 6.041825771331787109e+00 5.685683250427246094e+00 5.333607196807861328e+00 4.985330104827880859e+00 4.640580177307128906e+00 4.299082756042480469e+00 3.960560560226440430e+00 3.624732255935668945e+00 3.291311979293823242e+00 2.960010290145874023e+00 2.630533218383789062e+00 2.302583694458007812e+00 1.975860476493835449e+00 1.650059819221496582e+00 1.324875593185424805e+00 1.000000000000000000e+00
3.130699729919433594e+01 3.030636215209960938e+01 2.931909751892089844e+01 2.837603187561035156e+01 2.747150421142578125e+01 2.659979820251464844e+01 2.576327133178710938e+01 2.496006965637207031e+01 2.418715286254882812e+01 2.344076919555664062e+01 2.271779632568359375e+01 2.201619720458984375e+01 2.133440971374511719e+01 2.067120361328125000e+01 2.002565002441406250e+01 1.939697456359863281e+01 1.878449440002441406e+01 1.818758392333984375e+01 1.760562515258789062e+01 1.703796195983886719e+01 1.648391342163085938e+01 1.594279861450195312e+01 1.541396808624267578e+01 1.489681816101074219e+01 1.439080047607421875e+01 1.389542007446289062e+01 1.341022586822509766e+01 1.293480396270751953e+01 1.246876716613769531e+01 1.201174926757812500e+01 1.156339550018310547e+01 1.112336063385009766e+01 1.069131088256835938e+01 1.026691913604736328e+01 9.849869728088378906e+00 9.439857482910156250e+00 9.036585807800292969e+00 8.639771461486816406e+00 8.249135017395019531e+00 7.864407539367675781e+00 7.485321998596191406e+00 7.111616134643554688e+00 6.743030071258544922e+00 6.379303455352783203e+00 6.020175933837890625e+00 5.665385723114013672e+00 5.314670085906982422e+00 4.967762947082519531e+00 4.624394893646240234e+00 4.284294605255126953e+00 3.947185277938842773e+00 3.612786054611206055e+00 3.280812025070190430e+00 2.950973272323608398e+00 2.622975111007690430e+00 2.296518325805664062e+00 1.971300244331359863e+00 1.647014260292053223e+00 1.323351144790649414e+00 1.000000000000000000e+00
3.120512771606445312e+01 3.017698669433593750e+01 2.913878822326660156e+01 2.819444465637207031e+01 2.729456138610839844e+01 2.642046546936035156e+01 2.558911705017089844e+01 2.479492568969726562e+01 2.403334426879882812e+01 2.329797363281250000e+01 2.258443069458007812e+01 2.189111328125000000e+01 2.121658515930175781e+01 2.055966567993164062e+01 1.991968917846679688e+01 1.929606056213378906e+01 1.868822479248046875e+01 1.809571647644042969e+01 1.751801681518554688e+01 1.695449638366699219e+01 1.640444564819335938e+01 1.586713314056396484e+01 1.534187507629394531e+01 1.482805538177490234e+01 1.432513046264648438e+01 1.383262443542480469e+01 1.335011291503906250e+01 1.287721252441406250e+01 1.241356277465820312e+01 1.195882034301757812e+01 1.151264858245849609e+01 1.107471561431884766e+01 1.064469146728515625e+01 1.022225761413574219e+01 9.807100296020507812e+00 9.398919105529785156e+00 8.997426033020019531e+00 8.602342605590820312e+00 8.213397979736328125e+00 7.830330371856689453e+00 7.452881813049316406e+00 7.080797672271728516e+00 6.713823795318603516e+00 6.351705551147460938e+00 5.994188308715820312e+00 5.641014099121093750e+00 5.291924476623535156e+00 4.946655750274658203e+00 4.604942798614501953e+00 4.266515254974365234e+00 3.931099414825439453e+00 3.598414897918701172e+00 3.268177032470703125e+00 2.940095901489257812e+00 2.613875389099121094e+00 2.289214611053466797e+00 1.965807914733886719e+00 1.643345594406127930e+00 1.321514725685119629e+00 1.000000000000000000e+00
3.113139915466308594e+01 3.005767059326171875e+01 2.886462593078613281e+01 2.796839523315429688e+01 2.709183120727539062e+01 2.619838523864746094e+01 2.537780380249023438e+01 2.459717369079589844e+01 2.385332489013671875e+01 2.313335227966308594e+01 2.243084144592285156e+01 2.174724197387695312e+01 2.108115005493164062e+01 2.043118286132812500e+01 1.979738426208496094e+01 1.917935180664062500e+01 1.857662963867187500e+01 1.798903846740722656e+01 1.741622543334960938e+01 1.685756492614746094e+01 1.631223869323730469e+01 1.577941417694091797e+01 1.525834465026855469e+01 1.474839782714843750e+01 1.424904251098632812e+01 1.375983428955078125e+01 1.328038978576660156e+01 1.281036853790283203e+01 1.234945011138916016e+01 1.189732074737548828e+01 1.145366477966308594e+01 1.101815986633300781e+01 1.059048461914062500e+01 1.017031860351562500e+01 9.757353782653808594e+00 9.351294517517089844e+00 8.951857566833496094e+00 8.558773040771484375e+00 8.171783447265625000e+00 7.790633678436279297e+00 7.415078163146972656e+00 7.044869422912597656e+00 6.679761886596679688e+00 6.319507598876953125e+00 5.963857173919677734e+00 5.612558841705322266e+00 5.265357017517089844e+00 4.921993255615234375e+00 4.582204818725585938e+00 4.245725154876708984e+00 3.912281751632690430e+00 3.581596612930297852e+00 3.253385543823242188e+00 2.927357673645019531e+00 2.603215932846069336e+00 2.280656814575195312e+00 1.959371328353881836e+00 1.639045596122741699e+00 1.319361925125122070e+00 1.000000000000000000e+00
nan nan 2.829365158081054688e+01 2.772267532348632812e+01 2.690598297119140625e+01 2.590344047546386719e+01 2.512653923034667969e+01 2.436264038085937500e+01 2.364942932128906250e+01 2.295126724243164062e+01 2.225833702087402344e+01 2.158586692810058594e+01 2.092958831787109375e+01 2.028653144836425781e+01 1.965931129455566406e+01 1.904733467102050781e+01 1.844989967346191406e+01 1.786758422851562500e+01 1.730028533935546875e+01 1.674729537963867188e+01 1.620753288269042969e+01 1.567993831634521484e+01 1.516369056701660156e+01 1.465814781188964844e+01 1.416280651092529297e+01 1.367727851867675781e+01 1.320124530792236328e+01 1.273442363739013672e+01 1.227654838562011719e+01 1.182734775543212891e+01 1.138652896881103516e+01 1.095377635955810547e+01 1.052876663208007812e+01 1.011117839813232422e+01 9.700702667236328125e+00 9.297046661376953125e+00 8.899935722351074219e+00 8.509111404418945312e+00 8.124326705932617188e+00 7.745344161987304688e+00 7.371926784515380859e+00 7.003839969635009766e+00 6.640845775604248047e+00 6.282705307006835938e+00 5.929174423217773438e+00 5.580006599426269531e+00 5.234951496124267578e+00 4.893754959106445312e+00 4.556158542633056641e+00 4.221898555755615234e+00 3.890706062316894531e+00 3.562304496765136719e+00 3.236410856246948242e+00 2.912733554840087891e+00 2.590973854064941406e+00 2.270825386047363281e+00 1.951974868774414062e+00 1.634103536605834961e+00 1.316887497901916504e+00 1.000000000000000000e+00
nan nan nan nan nan 2.538285636901855469e+01 2.486227226257324219e+01 2.407742118835449219e+01 2.343048667907714844e+01 2.276394844055175781e+01 2.206537437438964844e+01 2.140829658508300781e+01 2.076480865478515625e+01 2.012604141235351562e+01 1.950599861145019531e+01 1.890077209472656250e+01 1.830805206298828125e+01 1.773111343383789062e+01 1.717003440856933594e+01 1.662380218505859375e+01 1.609065818786621094e+01 1.556911659240722656e+01 1.505833244323730469e+01 1.455769634246826172e+01 1.406675815582275391e+01 1.358522987365722656e+01 1.311288738250732422e+01 1.264953041076660156e+01 1.219497299194335938e+01 1.174899482727050781e+01 1.131132507324218750e+01 1.088164901733398438e+01 1.045962810516357422e+01 1.004492664337158203e+01 9.637231826782226562e+00 9.236252784729003906e+00 8.841726303100585938e+00 8.453408241271972656e+00 8.071069717407226562e+00 7.694489002227783203e+00 7.323445320129394531e+00 6.957716941833496094e+00 6.597077369689941406e+00 6.241293430328369141e+00 5.890129089355468750e+00 5.543342113494873047e+00 5.200687885284423828e+00 4.861916542053222656e+00 4.526775360107421875e+00 4.195004940032958984e+00 3.866339206695556641e+00 3.540504693984985352e+00 3.217219591140747070e+00 2.896191596984863281e+00 2.577120542526245117e+00 2.259695768356323242e+00 1.943599462509155273e+00 1.628506064414978027e+00 1.314084529876708984e+00 1.000000000000000000e+00
nan nan nan nan nan nan nan 2.365428352355957031e+01 2.323114585876464844e+01 2.260866928100585938e+01 2.183091163635253906e+01 2.121713638305664062e+01 2.059531021118164062e+01 1.994682502746582031e+01 1.933786964416503906e+01 1.874170494079589844e+01 1.815042304992675781e+01 1.757878112792968750e+01 1.702493858337402344e+01 1.648721885681152344e+01 1.596217918395996094e+01 1.544753837585449219e+01 1.494282627105712891e+01 1.444754695892333984e+01 1.396129894256591797e+01 1.348399543762207031e+01 1.301554203033447266e+01 1.255584049224853516e+01 1.210481739044189453e+01 1.166233158111572266e+01 1.122812938690185547e+01 1.080186748504638672e+01 1.038316822052001953e+01 9.971669197082519531e+00 9.567044258117675781e+00 9.169007301330566406e+00 8.777309417724609375e+00 8.391727447509765625e+00 8.012055397033691406e+00 7.638096332550048828e+00 7.269648551940917969e+00 6.906506061553955078e+00 6.548451900482177734e+00 6.195262432098388672e+00 5.846705436706542969e+00 5.502544879913330078e+00 5.162540435791015625e+00 4.826448917388916016e+00 4.494021892547607422e+00 4.165006160736083984e+00 3.839140892028808594e+00 3.516155958175659180e+00 3.195770740509033203e+00 2.877693176269531250e+00 2.561620473861694336e+00 2.247237920761108398e+00 1.934221148490905762e+00 1.622236847877502441e+00 1.310944676399230957e+00 1.000000000000000000e+00
nan nan nan nan nan nan nan nan nan nan 2.143246841430664062e+01 2.103402519226074219e+01 2.045247268676757812e+01 1.972808074951171875e+01 1.915694618225097656e+01 1.857775497436523438e+01 1.797315788269042969e+01 1.740864944458007812e+01 1.686371994018554688e+01 1.633795356750488281e+01 1.582330322265625000e+01 1.531603050231933594e+01 1.481788825988769531e+01 1.432836627960205078e+01 1.384689712524414062e+01 1.337390995025634766e+01 1.290944671630859375e+01 1.245347023010253906e+01 1.200612449645996094e+01 1.156738471984863281e+01 1.113699436187744141e+01 1.071452331542968750e+01 1.029950809478759766e+01 9.891537666320800781e+00 9.490268707275390625e+00 9.095422744750976562e+00 8.706775665283203125e+00 8.324134826660156250e+00 7.947329521179199219e+00 7.576191902160644531e+00 7.210546970367431641e+00 6.850205898284912109e+00 6.494962692260742188e+00 6.144598960876464844e+00 5.798885822296142578e+00 5.457591533660888672e+00 5.120480537414550781e+00 4.787315845489501953e+00 4.457856655120849609e+00 4.131857395172119141e+00 3.809062480926513672e+00 3.489207506179809570e+00 3.172013998031616211e+00 2.857190132141113281e+00 2.544430255889892578e+00 2.233414411544799805e+00 1.923810362815856934e+00 1.615275144577026367e+00 1.307457447052001953e+00 1.000000000000000000e+00
nan nan nan nan nan nan nan nan nan nan nan nan nan 1.935608100891113281e+01 1.898407936096191406e+01 1.843921089172363281e+01 1.775580024719238281e+01 1.721894073486328125e+01 1.668333625793457031e+01 1.617757415771484375e+01 1.567704868316650391e+01 1.517539310455322266e+01 1.468432807922363281e+01 1.420113277435302734e+01 1.372401142120361328e+01 1.325530147552490234e+01 1.279486560821533203e+01 1.234247016906738281e+01 1.189882469177246094e+01 1.146409034729003906e+01 1.103793811798095703e+01 1.061972332000732422e+01 1.020880413055419922e+01 9.804703712463378906e+00 9.407069206237792969e+00 9.015641212463378906e+00 8.630234718322753906e+00 8.250707626342773438e+00 7.876935482025146484e+00 7.508794307708740234e+00 7.146141529083251953e+00 6.788807868957519531e+00 6.436594486236572266e+00 6.089283943176269531e+00 5.746647357940673828e+00 5.408454418182373047e+00 5.074474334716796875e+00 4.744477272033691406e+00 4.418232440948486328e+00 4.095503330230712891e+00 3.776044607162475586e+00 3.459597110748291016e+00 3.145887374877929688e+00 2.834623336791992188e+00 2.525496006011962891e+00 2.218178987503051758e+00 1.912330746650695801e+00 1.607596158981323242e+00 1.303610086441040039e+00 1.000000000000000000e+00
nan nan nan nan nan nan nan nan nan nan nan nan nan nan nan nan 1.739188957214355469e+01 1.702797889709472656e+01 1.647310829162597656e+01 1.601195526123046875e+01 1.553192520141601562e+01 1.502416610717773438e+01 1.454289817810058594e+01 1.406782436370849609e+01 1.359271526336669922e+01 1.312841796875000000e+01 1.267224407196044922e+01 1.222271919250488281e+01 1.178261375427246094e+01 1.135221481323242188e+01 1.093094348907470703e+01 1.051762676239013672e+01 1.011128139495849609e+01 9.711404800415039062e+00 9.317664146423339844e+00 8.929836273193359375e+00 8.547813415527343750e+00 8.171525001525878906e+00 7.800911426544189453e+00 7.435907840728759766e+00 7.076417446136474609e+00 6.722288608551025391e+00 6.373323440551757812e+00 6.029294967651367188e+00 5.689966201782226562e+00 5.355104446411132812e+00 5.024484634399414062e+00 4.697886466979980469e+00 4.375092506408691406e+00 4.055879592895507812e+00 3.740014791488647461e+00 3.427249670028686523e+00 3.117314815521240234e+00 2.809919834136962891e+00 2.504751443862915039e+00 2.201475143432617188e+00 1.899737358093261719e+00 1.599168539047241211e+00 1.299386501312255859e+00 1.000000000000000000e+00
nan nan nan nan nan nan nan nan nan nan nan nan nan nan nan nan nan nan 1.616916275024414062e+01 1.586521625518798828e+01 1.541452980041503906e+01 1.484644889831542969e+01 1.439527511596679688e+01 1.393455123901367188e+01 1.345060729980468750e+01 1.299341106414794922e+01 1.254297256469726562e+01 1.209354782104492188e+01 1.165669822692871094e+01 1.123121070861816406e+01 1.081599521636962891e+01 1.040855979919433594e+01 1.000728893280029297e+01 9.611969947814941406e+00 9.222347259521484375e+00 8.838228225708007812e+00 8.459658622741699219e+00 8.086668968200683594e+00 7.719275951385498047e+00 7.357509136199951172e+00 7.001331329345703125e+00 6.650606632232666016e+00 6.305116653442382812e+00 5.964605331420898438e+00 5.628817558288574219e+00 5.297513484954833984e+00 4.970473289489746094e+00 4.647492408752441406e+00 4.328371047973632812e+00 4.012907505035400391e+00 3.700885772705078125e+00 3.392071485519409180e+00 3.086202621459960938e+00 2.782989740371704102e+00 2.482114553451538086e+00 2.183232307434082031e+00 1.885974884033203125e+00 1.589954376220703125e+00 1.294767379760742188e+00 1.000000000000000000e+00
nan nan nan nan nan nan nan nan nan nan nan nan nan nan nan nan nan nan nan nan nan 1.455182456970214844e+01 1.425720024108886719e+01 1.382450008392333984e+01 1.328174972534179688e+01 1.285164737701416016e+01 1.241268730163574219e+01 1.195180320739746094e+01 1.151941871643066406e+01 1.109993362426757812e+01 1.069326782226562500e+01 1.029332637786865234e+01 9.897345542907714844e+00 9.506838798522949219e+00 9.121525764465332031e+00 8.741069793701171875e+00 8.365921974182128906e+00 7.996216297149658203e+00 7.632015228271484375e+00 7.273520946502685547e+00 6.920791625976562500e+00 6.573689460754394531e+00 6.231930732727050781e+00 5.895193099975585938e+00 5.563184738159179688e+00 5.235657691955566406e+00 4.912403106689453125e+00 4.593237876892089844e+00 4.277992248535156250e+00 3.966492652893066406e+00 3.658550024032592773e+00 3.353947639465332031e+00 3.052434444427490234e+00 2.753722190856933594e+00 2.457484960556030273e+00 2.163364887237548828e+00 1.870975613594055176e+00 1.579906582832336426e+00 1.289728760719299316e+00 1.000000000000000000e+00
nan nan nan nan nan nan nan nan nan nan nan nan nan nan nan nan nan nan nan nan nan nan nan nan 1.300024509429931641e+01 1.271874046325683594e+01 1.230432796478271484e+01 1.178155612945556641e+01 1.136924076080322266e+01 1.095583724975585938e+01 1.056381702423095703e+01 1.017413330078125000e+01 9.781926155090332031e+00 9.396515846252441406e+00 9.015846252441406250e+00 8.638603210449218750e+00 8.266745567321777344e+00 7.900258064270019531e+00 7.539047241210937500e+00 7.183767318725585938e+00 6.834625244140625000e+00 6.491428852081298828e+00 6.153724193572998047e+00 5.821051120758056641e+00 5.493070125579833984e+00 5.169530868530273438e+00 4.850243091583251953e+00 4.535064220428466797e+00 4.223867416381835938e+00 3.916521310806274414e+00 3.612873554229736328e+00 3.312734365463256836e+00 3.015866041183471680e+00 2.721979141235351562e+00 2.430737972259521484e+00 2.141766786575317383e+00 1.854656100273132324e+00 1.568967700004577637e+00 1.284241199493408203e+00 1.000000000000000000e+00
nan nan nan nan nan nan nan nan nan nan nan nan nan nan nan nan nan nan nan nan nan nan nan nan nan nan nan 1.150085353851318359e+01 1.122015094757080078e+01 1.079035854339599609e+01 1.043202877044677734e+01 1.005746364593505859e+01 9.659711837768554688e+00 9.281450271606445312e+00 8.906739234924316406e+00 8.530751228332519531e+00 8.162197113037109375e+00 7.799024105072021484e+00 7.440148353576660156e+00 7.087875843048095703e+00 6.742514133453369141e+00 6.403675556182861328e+00 6.070486545562744141e+00 5.742217063903808594e+00 5.418514728546142578e+00 5.099151134490966797e+00 4.783974170684814453e+00 4.472908020019531250e+00 4.165892124176025391e+00 3.862851619720458984e+00 3.563688516616821289e+00 3.268250703811645508e+00 2.976315736770629883e+00 2.687590122222900391e+00 2.401721239089965820e+00 2.118308544158935547e+00 1.836914062500000000e+00 1.557066679000854492e+00 1.278268337249755859e+00 1.000000000000000000e+00
nan nan nan nan nan nan nan nan nan nan nan nan nan nan nan nan nan nan nan nan nan nan nan nan nan nan nan nan nan 1.055341720581054688e+01 1.031647586822509766e+01 9.963981628417968750e+00 9.518005371093750000e+00 9.162836074829101562e+00 8.798911094665527344e+00 8.415464401245117188e+00 8.052269935607910156e+00 7.693492412567138672e+00 7.334647178649902344e+00 6.985072612762451172e+00 6.643879890441894531e+00 6.310273647308349609e+00 5.982328414916992188e+00 5.658815860748291016e+00 5.339620590209960938e+00 5.024585723876953125e+00 4.713593959808349609e+00 4.406702518463134766e+00 4.103940486907958984e+00 3.805304765701293945e+00 3.510777950286865234e+00 3.220263957977294922e+00 2.933556079864501953e+00 2.650345087051391602e+00 2.370247840881347656e+00 2.092832088470458984e+00 1.817624807357788086e+00 1.544116973876953125e+00 1.271765470504760742e+00 1.000000000000000000e+00
nan nan nan nan nan nan nan nan nan nan nan nan nan nan nan nan nan nan nan nan nan nan nan nan nan nan nan nan nan nan nan nan 9.285490989685058594e+00 9.052976608276367188e+00 8.710603713989257812e+00 8.279924392700195312e+00 7.937925815582275391e+00 7.588027477264404297e+00 7.219875812530517578e+00 6.873888015747070312e+00 6.537658214569091797e+00 6.211210727691650391e+00 5.889738559722900391e+00 5.571097373962402344e+00 5.256565570831298828e+00 4.945977210998535156e+00 4.639113903045654297e+00 4.336367130279541016e+00 4.037862777709960938e+00 3.743648767471313477e+00 3.453854799270629883e+00 3.168471097946166992e+00 2.887299299240112305e+00 2.609985828399658203e+00 2.336093425750732422e+00 2.065146684646606445e+00 1.796636104583740234e+00 1.530010819435119629e+00 1.264676570892333984e+00 1.000000000000000000e+00
nan nan nan nan nan nan nan nan nan nan nan nan nan nan nan nan nan nan nan nan nan nan nan nan nan nan nan nan nan nan nan nan nan nan nan 8.055703163146972656e+00 7.831481456756591797e+00 7.500816345214843750e+00 7.082939624786376953e+00 6.752945899963378906e+00 6.421654224395751953e+00 6.107172966003417969e+00 5.794317245483398438e+00 5.479269504547119141e+00 5.169566631317138672e+00 4.863644123077392578e+00 4.560516357421875000e+00 4.261789798736572266e+00 3.967495203018188477e+00 3.677572488784790039e+00 3.392521381378173828e+00 3.112466335296630859e+00 2.837184429168701172e+00 2.566205978393554688e+00 2.298993110656738281e+00 2.035025596618652344e+00 1.773762106895446777e+00 1.514613509178161621e+00 1.256930112838745117e+00 1.000000000000000000e+00
nan nan nan nan nan nan nan nan nan nan nan nan nan nan nan nan nan nan nan nan nan nan nan nan nan nan nan nan nan nan nan nan nan nan nan nan nan nan 6.858120918273925781e+00 6.633302211761474609e+00 6.288839340209960938e+00 6.001510143280029297e+00 5.701086997985839844e+00 5.382096767425537109e+00 5.078787326812744141e+00 4.778516769409179688e+00 4.477517604827880859e+00 4.182780265808105469e+00 3.892755270004272461e+00 3.606624841690063477e+00 3.326192140579223633e+00 3.051688432693481445e+00 2.782765865325927734e+00 2.518660068511962891e+00 2.258647918701171875e+00 2.002199888229370117e+00 1.748773336410522461e+00 1.497750878334045410e+00 1.248430371284484863e+00 1.000000000000000000e+00
nan nan nan nan nan nan nan nan nan nan nan nan nan nan nan nan nan nan nan nan nan nan nan nan nan nan nan nan nan nan nan nan nan nan nan nan nan nan nan nan 6.098890304565429688e+00 5.908941745758056641e+00 5.626424312591552734e+00 5.269243717193603516e+00 4.984969139099121094e+00 4.694117546081542969e+00 4.388257503509521484e+00 4.099059104919433594e+00 3.814120769500732422e+00 3.529979228973388672e+00 3.253933668136596680e+00 2.985329627990722656e+00 2.723530769348144531e+00 2.467020273208618164e+00 2.214738607406616211e+00 1.966352820396423340e+00 1.721380591392517090e+00 1.479186177253723145e+00 1.239040613174438477e+00 1.000000000000000000e+00
nan nan nan nan nan nan nan nan nan nan nan nan nan nan nan nan nan nan nan nan nan nan nan nan nan nan nan nan nan nan nan nan nan nan nan nan nan nan nan nan nan nan nan 5.083485603332519531e+00 4.897727012634277344e+00 4.624726772308349609e+00 4.282335758209228516e+00 4.011077880859375000e+00 3.734689235687255859e+00 3.445237398147583008e+00 3.174233675003051758e+00 2.912165880203247070e+00 2.659007310867309570e+00 2.411151885986328125e+00 2.166933774948120117e+00 1.927091956138610840e+00 1.691210150718688965e+00 1.458572626113891602e+00 1.228546023368835449e+00 1.000000000000000000e+00
nan nan nan nan nan nan nan nan nan nan nan nan nan nan nan nan nan nan nan nan nan nan nan nan nan nan nan nan nan nan nan nan nan nan nan nan nan nan nan nan nan nan nan nan nan nan 4.105281352996826172e+00 3.928226709365844727e+00 3.668321132659912109e+00 3.342047452926635742e+00 3.085598230361938477e+00 2.830092430114746094e+00 2.589180469512939453e+00 2.351645946502685547e+00 2.114752531051635742e+00 1.883870959281921387e+00 1.657795548439025879e+00 1.435348272323608398e+00 1.216570615768432617e+00 1.000000000000000000e+00
nan nan nan nan nan nan nan nan nan nan nan nan nan nan nan nan nan nan nan nan nan nan nan nan nan nan nan nan nan nan nan nan nan nan nan nan nan nan nan nan nan nan nan nan nan nan nan nan nan 3.169033050537109375e+00 2.996018886566162109e+00 2.733425378799438477e+00 2.515976667404174805e+00 2.291499137878417969e+00 2.056559324264526367e+00 1.835843801498413086e+00 1.620752811431884766e+00 1.408454298973083496e+00 1.202388167381286621e+00 1.000000000000000000e+00
nan nan nan nan nan nan nan nan nan nan nan nan nan nan nan nan nan nan nan nan nan nan nan nan nan nan nan nan nan nan nan nan nan nan nan nan nan nan nan nan nan nan nan nan nan nan nan nan nan nan nan 2.591613292694091797e+00 2.449801445007324219e+00 2.241814136505126953e+00 1.984142303466796875e+00 1.782191991806030273e+00 1.580917596817016602e+00 1.375327825546264648e+00 1.184527754783630371e+00 1.000000000000000000e+00
nan nan nan nan nan nan nan nan nan nan nan nan nan nan nan nan nan nan nan nan nan nan nan nan nan nan nan nan nan nan nan nan nan nan nan nan nan nan nan nan nan nan nan nan nan nan nan nan nan nan nan nan nan nan 1.856003284454345703e+00 1.727864384651184082e+00 1.545397877693176270e+00 1.327411651611328125e+00 1.160394906997680664e+00 1.000000000000000000e+00
nan nan nan nan nan nan nan nan nan nan nan nan nan nan nan nan nan nan nan nan nan nan nan nan nan nan nan nan nan nan nan nan nan nan nan nan nan nan nan nan nan nan nan nan nan nan nan nan nan nan nan nan nan nan nan nan nan 1.228525996208190918e+00 1.129640340805053711e+00 1.000000000000000000e+00
nan nan nan nan nan nan nan nan nan nan nan nan nan nan nan nan nan nan nan nan nan nan nan nan nan nan nan nan nan nan nan nan nan nan nan nan nan nan nan nan nan nan nan nan nan nan nan nan nan nan nan nan nan nan nan nan nan nan nan nan
